26.27367319421492
130.651811247596
28.18448579015782
109.63287269222407
31.050704684072176
88.1362309878664
37.73854876987234
68.55040187945164
50.158830643501204
51.83079166495124
67.35614400698734
38.93280664233665
86.94197311540209
29.378743662622135
106.52780222381685
21.257790129864798
122.76970928933152
20.78008698087907
135.66769431194612
26.034821619722056
145.22175729166062
39.410509791322376
155.25352342036086
52.308494813936974
163.85218010210394
65.68418298553729
169.58461788993264
80.4929806040948
173.40624308181845
96.25718452062374
174.83935252877563
112.0213884371527
173.40624308181845
126.83018605571019
62.57911251713008
139.25046792933907
75.47709753974468
144.02749941919632
88.85278571134499
145.4606088661535
102.70617703193103
144.50520256818206
115.60416205454564
140.20587422731052
141.40013209977482
140.20587422731052
149.52108563253216
145.4606088661535
158.11974231427521
147.84912461108212
166.7183989960183
149.2822340580393
173.40624308181845
144.50520256818206
130.41295967310313
124.44167031078156
132.32377226904603
112.0213884371527
135.18999116296038
100.07880971250955
137.57850690788902
87.65852783888067
119.42578724643144
80.97068375308052
126.1136313322316
79.05987115713761
132.80147541803177
76.67135541220898
138.05621005687473
78.58216800815188
142.35553839774627
81.92609005105197
79.29872273163048
124.44167031078156
88.85278571134499
128.7409986516531
98.88455184004523
129.21870180063883
105.5723959258454
122.53085771483866
97.45144239308806
120.14234196991004
88.37508256235927
120.62004511889576
140.9224289507891
123.96396716179584
148.5656793345607
130.651811247596
157.16433601630376
131.60721754556744
162.8967738041325
127.78559235368164
158.11974231427521
123.00856086382439
149.52108563253216
122.53085771483866
96.97373924410233
65.20647983655157
111.3048337136741
66.63958928350874
122.76970928933152
67.59499558148019
130.41295967310313
66.63958928350874
135.66769431194612
68.07269873046592
140.9224289507891
68.07269873046592
144.7440541426749
66.16188613452302
140.44472580180337
57.56322945277996
135.18999116296038
52.308494813936974
129.45755337513168
50.87538536697979
121.81430299136007
51.35308851596552
110.34942741570265
55.65241685683705
101.75077073395958
64.72877668756584
122.76970928933152
62.340260942637215
129.93525652411742
61.86255779365148
135.66769431194612
62.81796409162294
140.9224289507891
64.72877668756584
135.66769431194612
62.340260942637215
129.45755337513168
60.90715149568003
122.29200614034579
61.38485464466576
