64.46753896078248
121.89812824626827
61.74355844131279
107.37023214242997
61.28956168806784
92.38833928534672
65.37553246727236
76.95244967501851
71.73148701270162
61.51656006469032
79.90342857111067
46.534667207607065
88.52936688276466
30.64478084403392
96.24731168792876
13.846900973970884
109.86721428527717
5.674959415561838
127.11909090858516
7.036949675296678
146.64095129811787
17.024878246685514
165.70881493440567
29.73678733754403
182.05269805122376
44.71868019462728
192.94862012910247
63.33254707767011
198.39658116804185
83.30840422044777
201.57455844075648
106.00824188269512
202.0285551940014
127.34608928520763
68.09951298674206
139.15000486957626
74.00147077892636
141.87398538904594
82.1734123373354
140.05799837606614
89.8913571424995
136.42602435010656
97.15530519441866
130.9780633111672
123.03312012938063
130.9780633111672
133.92904220725936
135.97202759686164
145.732957791628
139.15000486957626
157.99087012924156
138.24201136308636
170.70277922010007
134.61003733712678
108.95922077878728
116.90416396057385
106.68923701256254
104.64625162296028
104.4192532463378
91.93434253210177
101.69527272686813
79.22243344124325
94.43132467494897
75.59045941528368
98.97129220739845
71.50448863607915
105.3272467528277
68.78050811660947
113.49918831123675
70.59649512958926
121.21713311640084
72.866478895814
76.2714545451511
121.89812824626827
83.53540259707025
125.98409902547279
92.16134090872424
124.62210876573795
98.97129220739845
117.3581607138188
90.34535389574445
117.3581607138188
82.1734123373354
118.72015097355364
131.65905844103463
115.54217370083902
139.37700324619874
122.80612175275816
148.45693831109767
123.26011850600311
156.6288798695067
118.26615422030869
148.91093506434262
115.54217370083902
140.2849967526886
115.08817694759406
85.80538636329499
64.69453733740495
92.61533766196919
64.69453733740495
100.78727922037824
63.33254707767011
108.05122727229738
60.60856655820042
117.13116233719633
61.97055681793527
133.02104870076946
61.51656006469032
149.8189285708325
59.70057305171053
133.92904220725936
41.9946996751576
117.58515909044127
35.18474837648339
108.05122727229738
35.63874512972834
99.42528896064339
38.36272564919802
91.70734415547929
47.89665746734191
89.8913571424995
61.51656006469032
100.78727922037824
56.97659253224085
108.05122727229738
55.16060551926106
116.67716558395138
55.16060551926106
146.18695454487292
58.33858279197569
117.13116233719633
44.26468344138233
108.50522402554233
44.71868019462728
100.33328246713329
47.44266071409696
