57.88170789428803
145.47947118073284
58.915309820971736
126.35783553708413
61.499314637681024
107.75300085677726
65.11692138107402
88.63136521312853
70.80173197783446
70.54333149616353
82.17135317135532
54.00570066922409
96.64178014492732
39.53527369565209
113.69621193520862
29.19925442881494
132.81784757885734
26.615249612105654
151.93948322250606
30.749657318840512
168.4771140494455
40.5688756223358
182.43074005967566
53.48889970588224
193.8003612531965
67.95932667945424
200.0019728132988
85.53055943307739
202.06917666666624
104.65219507672612
204.6531814833755
123.77383072037483
205.68678341005923
142.3786654006817
69.25132908780888
152.71468466751884
81.65455220801346
158.39949526427927
96.12497918158547
156.8490923742537
109.56180422847376
152.197883704177
122.4818283120202
145.47947118073284
141.60346395566893
145.9962721440747
155.04028900255722
152.71468466751884
168.99391501278737
156.33229141091186
182.9475410230175
156.8490923742537
194.83396317988021
150.6474808141514
132.30104661551547
136.17705384057942
132.30104661551547
121.7066268670074
132.81784757885734
107.2361998934354
132.81784757885734
93.28257388320526
117.31381867860162
89.66496713981225
124.54903216538763
86.5641613597611
132.30104661551547
83.46335557970997
140.05306106564333
86.5641613597611
147.28827455242936
89.66496713981225
85.27215895140647
138.24425769394685
94.5745762915599
142.89546636402355
105.4273965217389
141.34506347399798
114.21301289855047
133.07624806052826
103.87699363171333
132.55944709718642
93.54097436487618
133.59304902387012
150.90588129582235
132.55944709718642
159.69149767263391
140.82826251065612
170.02751693947107
141.34506347399798
178.81313331628266
136.69385480392128
171.57791982949664
132.55944709718642
161.24190056265948
131.5258451705027
99.2257849616366
78.81214690963324
112.66261000852491
78.29534594629139
124.03223120204576
78.29534594629139
132.81784757885734
75.71134112958211
142.12026491901076
77.77854498294953
153.48988611253162
78.29534594629139
166.92671115941994
78.29534594629139
154.0066870758735
67.95932667945424
143.1538668456945
62.791317046035665
132.81784757885734
61.2409141560101
123.51543023870391
62.791317046035665
112.14580904518304
67.95932667945424
104.39379459505518
76.22814209292396
123.51543023870391
72.0937343861891
132.81784757885734
71.06013245950538
142.12026491901076
72.61053534953096
161.24190056265948
76.22814209292396
142.63706588235263
72.0937343861891
132.81784757885734
71.06013245950538
123.51543023870391
72.0937343861891
