75.88261701527009
127.37439284706049
75.38987274893717
111.60657632440697
77.85359408060177
94.8532712690876
83.27378101026392
78.59271048010116
89.18671220625899
63.810382490113476
97.07062046758575
49.520798766458725
106.43276152791128
36.216703575469815
116.28764685456973
23.898096917146745
128.6062535128928
18.97065425381752
144.86681430187926
21.434375585482133
162.60560788986447
29.811028113141816
178.37342441251798
41.63689050513196
191.18477533717396
56.41921849511964
199.06868359850074
73.66526781677193
203.99612626182997
92.8822942037559
207.4453361261604
112.59206485707281
207.93808039249333
132.3018355103897
75.38987274893717
147.57690776671032
82.28829247759808
152.50435043003955
91.6504335379236
152.01160616370663
101.01257459824913
149.547884832042
109.38922712590882
145.11318643504572
127.12802071389403
144.12769790237985
140.43211590488295
149.05514056570908
154.22895536220477
151.0261176310408
167.53305055319368
149.547884832042
180.8371457441826
145.60593070137864
118.25862391990142
128.35988137972635
116.78039112090266
115.54853045507035
114.80941405557097
102.73717953041437
112.83843699023927
89.92582860575837
105.44727299524544
82.04192034443162
110.86745992490759
79.08545474643408
117.27313538723558
77.6072219474353
124.66429938222942
80.07094327909992
132.05546337722325
82.04192034443162
86.72299087459437
131.31634697772387
93.6214106032553
136.2437896410531
101.99806313091499
135.25830110838726
108.8964828595759
126.88164858072757
100.51983033191621
127.37439284706049
92.14317780425652
127.86713711339341
140.43211590488295
127.37439284706049
148.3160241662097
134.76555684205434
157.18542096020232
135.25830110838726
166.05481775419491
130.82360271139095
158.17090949286816
127.37439284706049
149.30151269887554
126.88164858072757
101.99806313091499
60.85391689211594
107.41825006057712
64.3031267564464
114.31666978923805
67.25959235444394
120.22960098523312
65.28861528911224
126.14253218122819
68.24508088710978
138.9538831058842
65.78135955544516
152.2579782968731
62.33214969111471
140.43211590488295
54.44824142978795
129.09899777922573
50.506287299124565
122.2005780505648
49.520798766458725
115.79490258823681
50.013543032791645
108.8964828595759
53.4627528971221
105.44727299524544
59.8684283594501
114.31666978923805
60.36117262578302
120.72234525156604
59.8684283594501
127.12802071389403
60.85391689211594
147.82327989987678
61.83940542478179
127.62076498022695
59.8684283594501
121.21508951789896
58.88293982678425
115.30215832190389
59.8684283594501
