55.53482770495682
138.32757543023646
56.55381536926795
118.96680980832492
58.59179069789022
100.62503185072451
63.17723518729032
82.2832538931241
71.83863033393497
65.46995743199038
84.06648230566857
50.69463629947893
97.8228157738689
37.95729049558975
113.61712457069147
26.748426188167276
129.92092719966962
24.20095702738944
145.7152359964922
28.276907684633976
159.47156946469252
39.99526582421202
171.69942143642612
53.75159929241233
182.9082857438486
69.03641425707934
189.0222117297154
86.35920455036863
192.58866855480437
104.70098250796904
195.1361377155822
123.55225429772503
196.6646192120489
141.89403225532544
72.8576179982461
153.10289656274793
84.57597613782414
157.68834105214802
97.31332194171333
156.15985955568132
109.03168008129137
153.61239039490349
120.75003822086941
148.5174520733478
143.67726066786994
148.5174520733478
155.395618807448
154.12188422705907
167.11397694702603
157.68834105214802
179.8513227509152
159.21682254861474
189.0222117297154
153.61239039490349
132.977890192603
135.27061243730307
133.4873840247586
122.5332666334139
133.4873840247586
110.30541466168029
133.99687785691415
97.5680688577911
120.75003822086941
88.90667371114647
126.86396420673621
86.8686983825242
133.4873840247586
85.34021688605749
139.09181617846983
86.8686983825242
144.1867545000255
88.90667371114647
86.10445763429085
135.27061243730307
94.76585278093549
139.8560569267032
105.46522325620239
138.83706926239205
113.1076307385359
131.19466178005854
104.44623559189127
129.66618028359184
93.74686511662435
130.1756741157474
149.28169282158117
131.19466178005854
157.43359413607024
139.3465630945476
167.6234707791816
140.8750445910143
175.77537209367065
136.2896001016142
169.15195227564828
131.19466178005854
159.47156946469252
130.1756741157474
104.44623559189127
69.54590808923491
116.67408756362488
70.56489575354605
126.86396420673621
72.09337725001275
132.46839636044746
70.05540192139048
138.58232234631427
71.58388341785718
146.73422366080334
70.05540192139048
156.4146064717591
68.01742659276822
147.75321132511448
58.846537613968
139.09181617846983
55.28008078887903
132.46839636044746
54.77058695672347
125.84497654242509
55.28008078887903
116.16459373146931
58.846537613968
109.54117391344694
68.01742659276822
126.35447037458064
64.45096976767924
132.46839636044746
63.94147593552368
138.58232234631427
64.45096976767924
152.33865581451457
66.4889450963015
138.58232234631427
65.97945126414595
131.9589025282919
65.46995743199038
126.35447037458064
65.97945126414595
