62.9735494664754
136.98092597622212
65.12649132857712
118.68092014835749
68.89413958725514
100.91914978601827
73.20002331145858
83.69561488920448
80.19708436328918
68.62502185449242
89.88532274274694
56.245606147407514
103.3412093808827
46.55736776794976
118.9500378811202
40.09854218164459
136.17357277793397
39.560306716119165
152.85887220922234
41.713248578220885
168.46770070945982
49.248545095576915
183.00005827864646
59.4750189405601
194.30300305468052
72.39267011317044
200.76182864098567
88.53973407893336
204.52947689966368
106.30150444127257
208.83536062386713
123.52503933808636
211.52653795149428
141.825045165951
75.3529651735603
157.4338736661885
85.5794390185435
164.96917018354452
98.49709019115383
168.1985829766971
111.41474136376416
166.58387658012083
123.79415707084908
162.27799285591738
150.7059303471206
163.35446378696824
164.1618169852564
168.1985829766971
177.61770362339215
169.27505390774797
190.53535479600248
166.04564111459538
199.6853577099348
157.4338736661885
136.71180824345942
146.13092889015445
136.71180824345942
134.8279841141204
136.71180824345942
123.52503933808636
136.71180824345942
112.76033002757775
125.40886346742536
101.4573852515437
131.3294535882051
100.38091432049283
137.25004370898483
99.8426788549674
143.1706338297646
101.4573852515437
148.5529884850189
103.07209164812
89.3470872772215
140.74857423490013
97.9588547256284
146.6691643556799
108.72356403613702
147.2073998212053
117.3353314845439
140.21033876937472
108.18532857061159
137.51916144174757
97.9588547256284
136.98092597622212
157.7029913989512
141.28680970042558
166.3147588473581
147.74563528673073
176.54123269234128
147.74563528673073
184.61476467522274
141.825045165951
177.07946815786673
138.057396907273
166.85299431288354
138.59563237279843
111.41474136376416
78.8514956994756
121.64121520874735
85.31032128578077
131.3294535882051
88.53973407893336
137.25004370898483
86.92502768235707
143.70886929529001
89.0779695444588
152.85887220922234
86.92502768235707
162.00887512315467
81.54267302710277
153.39710767474776
74.54561197527217
144.24710476081543
71.31619918211958
137.78827917451028
70.23972825106871
130.79121812267968
70.23972825106871
121.64121520874735
72.39267011317044
116.25886055349305
78.8514956994756
130.79121812267968
81.00443756157733
137.25004370898483
81.00443756157733
144.24710476081543
82.0809084926282
157.7029913989512
81.54267302710277
143.70886929529001
81.00443756157733
137.25004370898483
79.92796663052647
131.3294535882051
79.92796663052647
