52.14533454304252
130.61895074262122
52.656563313072354
112.21471502154739
53.67902085313201
94.32170807050339
57.25762224334081
76.9399298894892
65.94851133384789
61.09183801856452
79.24045935462344
48.311118767818805
95.08855122554813
38.086543367222234
114.0040157166518
29.39565427671515
131.38579389766596
27.350739196595832
147.74511453862047
30.418111816774804
160.5258337893662
40.13145844734155
171.77286673002243
51.88972015802761
179.9525270504997
65.69289694883298
184.55358598076813
81.02976004972784
188.64341614100678
96.3666231506227
191.71078876118574
112.21471502154739
192.22201753121558
128.06280689247208
73.61694288429533
153.11301662393367
85.37520459498138
159.24776186429162
99.68961015581658
161.29267694441094
113.49278694662196
157.71407555420214
126.27350619736768
151.5793303138442
151.32371592882927
152.090559083874
161.03706255939602
157.20284678417232
171.2616379599926
159.75899063432146
181.997442130619
157.20284678417232
188.13218737097694
149.53441523372487
139.05422544811339
136.24246721294935
140.07668298817305
124.99543427229311
141.0991405282327
113.74840133163687
142.12159806829237
102.50136839098064
125.76227742733785
93.29925053044373
132.40825143772562
91.76556422035425
138.54299667808357
90.23187791026476
143.65528437838185
91.76556422035425
148.25634330865032
93.81047930047356
87.4201196751007
135.7312384429195
96.62223753563761
140.8435261432178
107.35804170626402
139.82106860315812
116.0489307967711
132.1526370527107
105.82435539617452
130.1077219725914
95.08855122554813
130.61895074262122
151.32371592882927
131.64140828268089
159.50337624930654
139.3098398331283
170.23918041993295
139.82106860315812
177.39638320035056
134.19755213283003
170.75040918996277
129.08526443253174
160.5258337893662
129.08526443253174
105.31312662614471
70.29395587910145
117.5826171068606
75.91747234942956
129.34087881754664
79.49607373963836
136.49808159796424
77.45115865951904
142.12159806829237
79.49607373963836
150.3012583887696
76.9399298894892
157.45846116918722
71.3164134191611
150.81248715879946
62.11429555862418
142.6328268383222
58.53569416841538
135.98685282793443
57.51323662835572
128.318421277487
58.02446539838555
117.07138833683076
61.603066788594354
111.44787186650265
69.78272710907162
128.82965004751682
70.80518464913126
135.98685282793443
70.29395587910145
142.12159806829237
70.80518464913126
151.83494469885912
70.29395587910145
142.6328268383222
70.29395587910145
136.49808159796424
69.27149833904178
129.34087881754664
69.27149833904178
