64.46288029577924
133.30923645167147
64.46288029577924
114.74392692648705
66.52569246524418
97.2100234860351
68.07280159234287
79.1604170032169
73.22983201600522
62.14221660513119
83.54389286332989
48.21823446124287
96.95217196485197
36.35706448681949
112.42326323583899
26.043003639494813
129.95716667629094
23.980191470029876
148.52247620147537
26.558706681861047
165.5406765995611
35.841361444453256
179.98036178581563
47.186828376510405
191.32582871787278
61.110810520398715
196.48285914153513
78.12901091848444
199.0613743533663
96.17861740130262
201.63988956519745
114.74392692648705
203.70270173466238
133.8249394940377
73.74553505837144
150.84313989212342
83.54389286332989
156.00017031578577
95.40506283775328
156.00017031578577
106.75052976981041
153.42165510395458
117.58029365950134
148.78032772265848
146.45966403201044
149.81173380739094
158.83653704880004
154.45306118868706
171.21341006558967
156.515873358152
183.59028308237927
154.96876423105329
192.8729378449715
148.78032772265848
131.50427580338965
136.9191577482351
130.98857276102342
123.51087864671302
130.98857276102342
110.61830258755717
130.47286971865717
97.72572652840132
117.0645906171351
91.53729002000652
123.76873016789614
88.95877480817535
130.47286971865717
86.89596263871042
137.69271231178445
88.95877480817535
143.88114882017925
91.02158697764028
86.12240807516106
135.88775166350263
94.88935979538704
142.07618817189743
105.71912368507795
141.5604851295312
112.93896627820523
132.79353340930524
104.17201455797925
131.76212732457276
94.37365675302081
132.27783036693899
150.06958532857408
133.30923645167147
159.35224009116627
141.04478208716498
169.66630093849096
141.5604851295312
177.9175496163507
134.85634557877017
170.69770702322342
131.76212732457276
160.38364617589875
131.76212732457276
101.07779630378185
72.45627745245586
112.93896627820523
75.55049570665327
123.76873016789614
77.09760483375197
130.47286971865717
75.55049570665327
138.20841535415067
77.6133078761182
148.52247620147537
76.0661987490195
159.86794313353252
73.48768353718833
149.55388228620782
62.65791964749742
138.72411839651693
57.50088922383508
130.47286971865717
56.469483139102614
123.2530271255299
56.98518618146885
112.42326323583899
61.110810520398715
106.23482672744419
70.90916832535716
123.76873016789614
68.330653113526
130.47286971865717
68.330653113526
138.20841535415067
68.84635615589222
154.71091270987017
71.94057441008962
138.20841535415067
68.84635615589222
130.98857276102342
67.81495007115976
123.76873016789614
68.330653113526
