63.53258175591131
144.3240144612631
65.53360795294789
124.81400904015648
68.0348906992436
105.30400361904985
70.03591689628018
86.79451129646152
76.03899548738991
68.28501897387318
86.0441264725728
52.276809397580564
98.5505402040514
38.26962601832453
113.05798013256658
26.26346883610507
129.56644625811833
22.261416442031916
146.57516893292924
25.763212286845924
162.58337850922186
36.7688563705471
176.5905618884779
50.27578320054399
187.59620597217906
66.2839927768366
193.5992845632888
85.29374164868409
196.10056730958453
105.30400361904985
199.60236315439852
124.81400904015648
201.6033893514351
145.82478410904054
69.53566034702104
147.32555375681795
78.04002168442649
153.32863234792768
89.04566576812766
151.82786270015026
99.5510533025697
147.8258103060771
110.05644083701172
141.82273171496738
141.07234689107867
142.82324481348567
153.57876062255727
148.8263234045954
165.58491780477672
152.82837579866856
178.09133153625532
153.32863234792768
188.59671907069736
147.32555375681795
126.06465041330434
128.31580488497048
125.56439386404519
113.30810840719616
125.06413731478605
97.80015538016269
124.5638807655269
83.29271545164751
112.0574670340483
82.79245890238836
118.06054562515803
79.29066305757435
125.56439386404519
76.28912376201949
133.5684986521915
79.29066305757435
140.07183379256037
82.29220235312921
84.04310027553622
132.31785727904364
92.04720506368253
136.3199096731168
102.05233604886541
134.81914002533935
109.55618428775257
126.81503523719304
100.55156640108798
126.81503523719304
91.04669196516424
127.81554833571134
147.0754254821884
126.81503523719304
155.0795302703347
134.81914002533935
164.58440470625843
136.3199096731168
172.58850949440475
131.8176007297845
166.08517435403587
127.81554833571134
156.58029991811213
126.31477868793391
96.54951400701482
73.78784101572377
108.55567118923429
72.78732791720547
119.56131527293546
71.28655826942804
127.06516351182262
69.78578862165061
135.5695248492281
70.78630172016891
148.0759385807067
72.28707136794634
161.58286541070356
74.2880975649829
149.5767082284841
56.779118340912866
136.57003794774636
49.2752701020257
127.56542006108177
48.27475700350741
118.56080217441718
49.77552665128485
107.05490154145686
57.27937489017201
101.05182295034713
71.78681481868719
119.56131527293546
67.78476242461404
127.06516351182262
66.2839927768366
135.5695248492281
67.2845058753549
157.08055646737128
71.78681481868719
136.0697813984872
57.77963143943116
127.56542006108177
56.27886179165372
119.06105872367631
58.2798879886903
