54.04943798279632
133.46418238734356
55.47179161392254
113.55123155157648
57.36826312209083
93.63828071580942
59.738852507301196
74.19944775708443
66.37650278589021
56.657086306527724
78.22944971194204
41.95943211822346
91.50475026912008
28.210013684003343
106.20240445742435
15.408831003867371
121.37417652277068
11.615887987530789
137.49418434220115
16.357066757951518
153.61419216163165
29.63236731512956
168.3118463499359
41.95943211822346
181.11302903007189
57.60532206061187
187.7506793086609
75.14768351116857
190.59538657091335
95.06063434693563
192.49185807908162
114.49946730566063
194.862447464292
133.93830026438562
63.531795523637776
140.10183266593256
72.54003518743717
146.2653650674795
84.39298211348898
147.21360082156366
96.24592903954081
145.31712931339536
107.62475808855056
140.57595054297462
136.07183071107494
141.05006842001671
148.39889551416886
146.2653650674795
160.25184244022066
147.68771869860572
172.57890724331457
146.2653650674795
182.06126478415604
139.6277147888905
120.9000586457286
125.87829635467038
120.42594076868653
112.12887792045026
120.42594076868653
98.85357736327222
119.95182289164447
85.1041589290521
106.67652233446643
80.83709803567345
113.31417261305545
77.99239077342101
120.42594076868653
75.14768351116857
128.01182680135972
78.46650865046308
135.1235949569908
81.31121591271551
78.70356758898411
125.87829635467038
87.23768937574143
131.0935930021332
97.19416479362496
130.14535724804904
104.78005082629812
122.08535333833379
95.77181116249874
121.13711758424965
86.28945362165729
121.61123546129171
140.3388916044536
122.08535333833379
147.92477763712677
129.67123937100695
157.8812530550103
130.6194751250911
165.94125696472554
125.4041784776283
159.30360668613653
121.13711758424965
149.34713126825298
120.66299970720758
89.60827876095179
66.13944384736918
102.40946144108776
68.03591535553747
113.31417261305545
68.51003323257954
121.37417652277068
66.61356172441126
130.38241618657008
68.51003323257954
141.76124523557982
68.03591535553747
155.03654579275786
67.08767960145333
143.18359886670603
49.54531815089663
130.85653406361214
41.485314241181385
121.37417652277068
40.53707848709724
112.3659368589713
41.485314241181385
100.98710780996154
48.59708239681248
95.29769328545667
64.24297233920089
112.84005473601337
63.768854462158814
121.37417652277068
62.82061870807467
130.38241618657008
63.768854462158814
149.82124914529507
65.19120809328504
130.38241618657008
50.49355390498077
121.37417652277068
49.54531815089663
112.3659368589713
50.49355390498077
