62.52035656424559
136.88932909026352
63.024552988150795
117.72986498186569
64.53714225986641
98.57040087346785
66.04973153158203
79.41093676507
71.5958921945393
61.25986550448257
81.67982067264343
45.62977636342117
95.293124118084
33.02486576579101
110.41901683524019
22.94093728768689
126.04910597630159
18.90736589644524
141.67919511736298
21.42834801597127
157.30928425842438
31.00808007017019
171.42678412777016
44.11718709170555
182.5191054536847
60.251472656672156
190.586248236168
77.89834749335438
196.13240889912527
96.04941875394181
200.67017671427212
115.20888286233965
203.19115883379817
135.37673981854792
74.11687431406533
149.4942396878937
83.19240994435904
155.54459677475617
94.7889276941788
156.55298962256657
106.88964186790375
154.03200750304055
117.98196319381829
149.4942396878937
142.18339154126818
148.48584684008327
154.78830213889836
153.02361465523012
167.3932127365285
156.04879319866137
179.99812333415866
154.53620392694575
189.5778553883576
147.98165041617807
130.08267736754323
135.88093624245312
130.08267736754323
123.27602564482295
129.57848094363803
111.175311471098
129.57848094363803
98.57040087346785
116.97357034600788
90.50325809098454
122.51973100896514
88.48647239536372
129.07428451973283
86.4696866997429
135.6288380305005
87.9822759714585
141.17499869345778
89.99906166707933
87.7301777595059
134.8725433946427
96.30151696589441
138.40191836197914
105.88124902009334
138.40191836197914
112.93999895476622
133.3599541229271
104.87285617228292
131.34316842730627
95.293124118084
130.83897200340104
147.72955220422546
132.35156127511667
156.80508783451918
137.39352551416874
166.38481988871808
137.39352551416874
173.443569823391
132.85575769902186
166.38481988871808
129.32638273168544
156.80508783451918
129.32638273168544
103.86446332447251
66.30182974353464
114.95678465038705
69.32700828696588
124.03232028068076
71.3437939825867
129.07428451973283
69.32700828696588
135.6288380305005
70.83959755868149
143.1917843890786
68.31861543915547
152.2673200193723
64.28504404791381
142.6875879651734
58.23468696105133
134.6204451826901
55.20950841762009
127.5616952480172
54.705311993714886
121.51133816115473
55.7137048415253
113.44419537867142
58.73888338495654
108.40223113961936
65.29343689572423
123.02392743287035
64.28504404791381
129.07428451973283
63.276651200103395
135.6288380305005
63.7808476240086
147.72955220422546
63.7808476240086
134.6204451826901
64.28504404791381
128.57008809582763
63.7808476240086
122.51973100896514
64.78924047181901
