53.58128630458078
142.4540929155441
54.61169565659195
122.3611105513263
58.21812838863104
102.2681281871085
61.82456112067013
83.72075985090747
71.09824528877066
67.74941489473436
84.49356686491585
53.83888864258357
98.9192977930722
41.473976418449546
114.89064274924533
32.71549692635461
130.86198770541844
31.169882898337857
145.2877186335748
35.29152030638253
155.0766074776809
48.17163720652214
162.80467761776467
62.59736813467851
170.01754308184286
77.53830373884045
177.74561322192662
92.4792393430024
184.44327400999921
107.42017494716436
188.04970674203832
122.87631522733189
188.5649114180439
139.36286485951058
72.6438593167874
152.75818643565577
85.00877154092143
158.4254378717172
98.9192977930722
157.39502851970605
111.79941469321182
153.78859578766696
125.19473626935702
148.12134435160553
153.01578877365858
147.60613967559993
163.31988229377026
152.75818643565577
172.59356646187078
156.36461916769488
182.3824553059769
158.4254378717172
189.0801160940495
154.30380046367253
139.6204671975134
136.2716368034771
141.16608122553012
121.33070119931513
142.1964905775413
105.8745609191476
143.22689992955247
90.41842063898007
124.16432691734585
88.35760193495773
131.37719238142404
85.78157855492981
139.1052625215078
82.6903504988963
145.2877186335748
85.26637387892423
150.95497006963623
88.87280661096331
87.58479492094935
137.30204615548826
96.34327441304428
141.9388882395385
106.1321632571504
140.90847888752734
114.89064274924533
134.72602277546034
105.10175390513922
133.18040874744358
95.31286506103312
133.18040874744358
153.53099344966415
134.72602277546034
161.25906358974794
141.42368356353293
171.04795243385402
141.9388882395385
177.23040854592105
138.33245550749942
171.56315710985962
133.18040874744358
162.2894729417591
133.18040874744358
104.07134455312806
70.32543827476228
117.46666612927325
71.35584762677344
129.83157835340728
72.38625697878462
136.01403446547428
70.32543827476228
143.22689992955247
72.9014616547902
149.92456071762507
71.35584762677344
155.5918121536865
69.8102335987567
148.8941513656139
61.56695878266734
142.1964905775413
56.414912022611496
134.98362511346312
54.86929799459474
127.25555497337935
55.38450267060033
116.43625677726207
59.506140078645004
108.19298196117273
68.77982424674552
128.80116900139612
67.23421021872876
136.01403446547428
66.71900554272318
142.71169525354688
67.74941489473436
151.47017474564183
68.26461957073994
142.1964905775413
66.71900554272318
135.49882978946872
65.17339151470642
128.28596432539052
65.68859619071202
