62.42092286043363
151.70998208253215
65.67766666184755
131.0839380069106
70.56278236396844
111.54347519842705
75.99068869965832
92.54580302351246
83.58975756962415
75.71929338287383
94.9883608745729
61.606736910080144
108.5581267137976
49.6653429715624
123.75626445372927
39.89511156732062
140.5827740943679
37.18115839947568
156.86649310143756
39.89511156732062
171.5218402078002
50.208133605131394
185.09160604702492
61.06394627651115
196.49020935197368
75.71929338287383
203.54648758837052
93.08859365708145
207.88881265692243
112.08626583199603
211.14555645833636
132.16951927404858
212.7739283590433
151.70998208253215
73.81952616538237
157.68067905179103
84.67533883676214
164.19416665461887
98.78789530955582
164.19416665461887
112.35766114878052
160.39463221963595
125.38463635443624
154.4239352503771
155.23812120073057
154.4239352503771
167.1795151392483
160.39463221963595
179.12090907776604
163.65137602104988
192.14788428342177
164.73695728818788
203.54648758837052
159.85184158606697
140.5827740943679
142.48254131185936
140.0399834607989
129.45556610620363
139.49719282722992
116.42859090054793
139.49719282722992
103.40161569489221
126.4702176215742
97.43091872563335
132.44091459083307
95.2597561913574
139.49719282722992
93.08859365708145
146.0106804300578
94.71696555778841
151.98137739931664
96.88812809206436
91.73161707315897
144.11091321256632
100.41626721026279
148.99602891468723
111.27207988164255
147.91044764754923
119.41393938517737
140.85416941115238
110.18649861450457
139.22579751044543
99.8734765766938
139.76858814401442
160.66602753642047
140.3113787775834
169.35067767352427
147.91044764754923
179.66369971133503
147.91044764754923
187.80555921486987
142.48254131185936
180.20649034490404
138.68300687687645
170.43625894066224
138.68300687687645
114.52882368305647
77.3476652835808
124.84184572086725
81.6899903521327
133.52649585797107
84.40394351997764
138.95440219366094
82.77557161927068
144.9250991629198
83.86115288640865
154.1525399335926
80.06161845142573
164.4655619714034
76.26208401644281
154.1525399335926
69.74859641361496
144.9250991629198
67.03464324577003
138.41161156009196
66.49185261220103
132.44091459083307
67.03464324577003
124.29905508729826
70.83417768075294
118.87114875160837
76.80487465001181
133.52649585797107
77.3476652835808
138.95440219366094
76.80487465001181
144.9250991629198
76.80487465001181
160.12323690285146
75.71929338287383
144.9250991629198
76.80487465001181
138.95440219366094
76.80487465001181
133.52649585797107
77.3476652835808
