68.7770577681254
140.58030607804832
70.42770715456042
123.52359575155323
74.27922238957544
105.91666896291314
78.13073762459047
88.85995863641803
83.0826857838955
72.90368123421294
91.88614917821555
58.59805321844285
105.09134426969563
47.04350751339778
121.59783813404572
38.79026058122273
140.85541430912085
36.58939473264272
160.11299048419596
39.890693505512736
176.61948434854605
48.69415689983279
190.37489590217112
60.79891906702286
200.27879222078118
75.65476354493795
205.78095684223123
92.71147387143306
209.08225561510125
110.31840066007315
213.48398731226126
127.92532744871326
215.68485316084127
146.08247069949837
79.23117054888047
159.28766579097845
91.33593271607054
164.78983041242847
103.99091134540562
164.23961395028348
116.6458899747407
162.03874810170348
129.30086860407576
158.18723286668845
152.4099600141659
159.83788225312344
165.064938643501
165.3400468745735
178.27013373498107
167.5409127231535
192.02554528860614
168.0911291852985
203.5800909936512
162.58896456384846
140.85541430912085
146.08247069949837
140.85541430912085
134.5279249944533
140.85541430912085
122.42316282726323
140.85541430912085
110.31840066007315
129.85108506622078
101.5149372657531
135.3532496876708
99.3140714171731
140.85541430912085
97.11320556859307
146.90779539271588
99.3140714171731
151.85974355202092
100.9647208036081
93.53679856465055
143.88160485091836
101.7900454968256
149.38376947236839
112.24415827758067
149.38376947236839
119.94718874761071
142.78117192662836
111.69394181543566
139.47987315375832
101.2398290346806
138.92965669161333
161.76363987063095
143.88160485091836
170.016886802806
150.4842023966584
180.47099958356108
151.0344188588034
188.1740300535911
146.08247069949837
182.12164896999607
141.13052254019334
171.66753618924102
140.58030607804832
116.0956735125957
77.30541293137296
125.99956983120575
83.908010477113
134.8030332255258
87.20930924998302
141.40563077126583
85.558659863548
148.0082283170059
87.20930924998302
155.71125878703592
83.357794014968
164.51472218135598
77.85562939351796
155.16104232489093
71.25303184777792
147.45801185486087
67.9517330749079
140.30519784697583
67.4015166127629
133.1523838390908
67.9517330749079
124.34892044477074
70.70281538563292
120.49740520975571
77.30541293137296
134.8030332255258
79.50627877995298
140.85541430912085
78.95606231780796
148.0082283170059
79.50627877995298
159.56277402205095
77.85562939351796
146.90779539271588
78.95606231780796
140.30519784697583
78.40584585566296
133.7026003012358
78.95606231780796
