76.43946810301617
129.9973848988795
73.92501191541696
115.91643024832386
73.42212067789711
102.3383668352881
74.93079439045664
87.75452094721264
77.44525057805586
72.1648925840975
82.97705419077414
57.07815545850221
92.0290964661313
42.9972008079466
103.59559492908771
30.424919869950514
121.69967947980206
24.89311625723224
142.82111145563547
25.898898732271928
162.9367609564292
31.933593582510046
179.53217179458403
40.48274462034738
193.1102352076198
52.55213432082362
200.65360377041745
68.6446539214586
204.6767336705762
86.24584723465311
209.20275480825478
103.34414931032778
213.22588470841353
121.95112509856199
75.93657686549633
151.1188168747129
83.98283666581382
156.65062048743115
94.54355265373053
157.15351172495102
105.60715987916709
154.13616429983196
116.1678758670838
149.61014316215335
140.8095465055561
149.61014316215335
154.38760991859186
153.6332730623121
168.46856456914747
154.6390555373518
182.5495192197031
152.62749058727243
194.61890892017934
146.5927957370343
126.22570061748065
137.0378622241573
124.21413566740128
126.47714623624057
121.69967947980206
115.41353901080402
119.18522329220285
104.34993178536747
110.63607225436552
94.79499827249045
115.66498462956395
92.28054208489124
122.2025707173219
90.26897713481186
129.74593928011956
91.77765084737139
138.2950903179569
93.78921579745077
85.9944016158932
133.51762356151838
92.53198770365115
138.04364469919696
101.58402997900833
137.0378622241573
110.63607225436552
131.50605861143902
100.57824750396864
130.50027613639932
92.0290964661313
130.50027613639932
150.86737125595297
131.00316737391915
159.4165222937903
136.53497098663743
168.97145580666734
135.52918851159774
178.0234980820245
131.50605861143902
168.97145580666734
128.9916024238398
159.4165222937903
129.49449366135963
97.05800884132974
77.69669619681578
105.60715987916709
80.71404362193483
115.1620933920441
82.22271733449436
122.70546195484175
80.71404362193483
131.75750423019892
81.71982609697453
146.84424135579422
79.2053699093753
162.43386971890936
74.17645753417688
146.84424135579422
61.10128535866095
131.75750423019892
56.07237298346252
122.70546195484175
56.07237298346252
114.65920215452425
57.58104669602205
105.10426864164724
64.62152402129986
101.08113874148849
76.18802248425625
115.1620933920441
77.19380495929593
122.70546195484175
76.18802248425625
131.75750423019892
76.18802248425625
158.91363105627048
73.1706750591372
132.26039546771878
64.62152402129986
123.20835319236159
64.62152402129986
115.1620933920441
66.63308897137922
