61.073545469812764
133.6946100410607
61.073545469812764
115.73180254993932
62.09999161216256
97.25577198764302
63.63966082568725
78.77974142534671
69.79833767978602
61.33015700540022
80.57602217445886
46.95991101250309
94.94626816735598
35.15578037548046
112.39585258730249
25.917765094332307
129.33221393607408
23.351649738457823
145.7553522136708
27.457434307857
161.66526742009262
38.23511880252984
174.49584419946504
50.55247251072738
184.760305622963
64.4094954324496
190.91898247706175
80.3194106388714
192.97187476176134
97.76899505881792
193.99832090411113
115.21857947876443
193.99832090411113
132.15494082753602
71.85122996448561
148.06485603395785
82.11569138798355
154.2235328880566
94.94626816735598
154.73675595923152
107.7768449467284
153.1970867457068
119.58097558375104
148.06485603395785
147.29502142719548
149.60452524748254
158.58592899304324
154.2235328880566
169.87683655889097
156.2764251727562
181.6809671959136
155.2499790304064
190.40575940588687
149.60452524748254
133.43799850547327
136.26072539693521
133.43799850547327
122.91692554638787
133.95122157664818
109.57312569584055
134.46444464782306
96.22932584529322
119.06775251257615
90.07064899119446
126.2528755090247
87.50453363531997
133.43799850547327
84.93841827944549
140.10989843074694
87.50453363531997
146.2685752848457
90.07064899119446
85.70825288620783
135.7475023257603
94.94626816735598
139.85328689515947
104.69750651967902
139.3400638239846
112.39585258730249
132.15494082753602
103.67106037732923
131.64171775636112
93.91982202500618
131.64171775636112
151.40080599659467
133.1813869698858
159.61237513539302
139.85328689515947
168.33716734536628
140.87973303750928
176.03551341298973
136.7739484681101
169.36361348771607
133.1813869698858
160.6388212777428
132.66816389871093
101.61816809262965
69.02850307302367
113.42229872965228
71.59461842889816
124.71320629550002
73.13428764242285
131.89832929194858
71.59461842889816
139.59667535957203
73.64751071359774
148.8346906407202
72.62106457124796
158.07270592186833
70.56817228654836
149.34791371189507
59.79048779187552
140.10989843074694
53.631810937776756
131.89832929194858
52.092141724252066
124.19998322432512
52.605364795426965
112.90907565847738
57.22437243600103
106.23717573320371
68.00205693067387
124.19998322432512
64.4094954324496
131.89832929194858
63.8962723612747
139.59667535957203
65.43594157479939
153.45369828129427
69.02850307302367
140.10989843074694
65.43594157479939
131.89832929194858
63.383049290099805
124.19998322432512
63.8962723612747
