34.901437581989484
129.88320700154657
36.397213478360456
110.93671231418085
39.388765271102415
91.99021762681514
45.371868856586325
73.04372293944941
54.34652423481219
55.593004148454675
69.80287516397897
42.131021081115875
89.24796181680168
31.161997841062036
109.19164043508138
22.685934428293162
127.6395431569901
20.69156656646519
143.09589408615687
24.18171032466414
154.5635092916677
37.14510142654595
163.53816466989358
51.60426842479873
170.51845218629146
66.56202738850851
175.50437184086138
81.51978635221829
178.99451559906035
95.97895335047107
179.9916995299743
109.93952838326686
179.49310756451735
124.39869538151964
64.31836354395205
142.3480061379714
76.28457071491987
150.82406955074026
90.74373771317265
154.3142133089392
105.70149667688243
152.81843741256822
120.16066367513521
147.33392579254132
146.58603784435581
143.34519006888536
157.55506108440966
148.33110972345528
168.5240843244635
148.82970168891228
177.49873970268936
144.84096596525634
181.9860673918023
136.36490255248748
135.61701460430197
130.38179896700356
137.61138246612995
119.41277572694973
139.60575032795794
108.44375248689589
141.6001181897859
97.47472924684205
123.65080743333417
89.49725779953017
130.13250298427508
87.5028899377022
136.11560656975897
85.00993011041723
141.6001181897859
86.50570600678822
146.08744587889882
88.50007386861618
82.26767430040378
130.38179896700356
91.24232967862964
136.36490255248748
102.21135291868347
136.36490255248748
111.18600829690935
128.38743110517558
101.2141689877695
125.39587931243364
90.24514574771565
125.39587931243364
145.58885391344182
126.89165520880461
154.06491732621072
133.8719427252025
163.53816466989358
132.87475879428854
169.5212682553775
126.89165520880461
163.53816466989358
123.40151145060567
154.06491732621072
123.90010341606266
103.20853684959746
70.55076311216445
117.16911188239325
73.5423149049064
128.6367270879041
75.53668276673437
135.118422638845
74.0409068703634
140.6029342588719
75.53668276673437
147.5832217752698
72.54513097399243
152.07054946438274
68.05780328487948
146.58603784435581
61.576107733938585
139.60575032795794
60.080331837567606
133.62264674247402
59.58173987211062
126.64235922607612
60.5789238030246
116.17192795147928
63.57047559576655
108.69304846962439
69.55357918125047
128.1381351224471
68.55639525033648
134.619830673388
68.05780328487948
140.10434229341493
68.05780328487948
148.5804057061838
67.5592113194225
140.10434229341493
68.55639525033648
134.619830673388
67.5592113194225
128.1381351224471
68.05780328487948
