5.989149500000000000e+06
8.470361328125000000e+02
8.470009155273437500e+02
8.470312500000000000e+02
8.470033569335937500e+02
8.470004272460937500e+02
8.470022583007812500e+02
8.470045166015625000e+02
8.470009155273437500e+02
8.470001831054687500e+02
8.470031127929687500e+02
8.469997558593750000e+02
8.470005493164062500e+02
8.470004272460937500e+02
8.470006713867187500e+02
8.470001831054687500e+02
8.470006713867187500e+02
8.470103759765625000e+02
8.470004272460937500e+02
8.469996948242187500e+02
8.470060424804687500e+02
8.470004272460937500e+02
8.469993286132812500e+02
8.470046386718750000e+02
8.470004272460937500e+02
8.469996337890625000e+02
8.469999389648437500e+02
8.469996337890625000e+02
8.470003662109375000e+02
8.470005493164062500e+02
8.469995117187500000e+02
8.470000000000000000e+02
8.470010375976562500e+02
8.470000000000000000e+02
8.469997558593750000e+02
8.470010375976562500e+02
8.470010375976562500e+02
8.470002441406250000e+02
8.469992675781250000e+02
8.470003662109375000e+02
8.470002441406250000e+02
8.470003662109375000e+02
8.470000000000000000e+02
8.470001831054687500e+02
8.470003662109375000e+02
8.470003662109375000e+02
8.469999389648437500e+02
8.470004272460937500e+02
8.470012817382812500e+02
8.470005493164062500e+02
