68.99966014056935
121.83506423422209
68.51714503469124
105.91206574024456
70.92972056408178
89.5065521403889
75.75487162286285
75.03109896404568
82.51008310515635
60.07313068182436
90.23032479920607
45.59767750548114
98.91559670501199
31.60473943501603
109.04841392845225
19.541861788063347
123.52386710479547
16.164256046916595
140.41189581052922
18.576831576307132
158.2649547280192
26.779588376234955
174.18795322199674
38.35995091730953
187.69837618658374
52.35288898777464
195.41861788063346
69.7234327993865
200.24376893941454
89.98906724626701
202.17382936292697
110.25470169314752
202.65634446880506
130.0378210341499
71.41223566995988
140.65315336346828
77.68493204637528
145.96081952812747
86.85271905805932
146.44333463400557
96.02050606974335
144.51327421049314
104.70577797554928
141.1356684693464
126.41895774006412
143.06572889285883
138.4818353870168
149.3384252692742
152.47477345748192
152.71603101042095
165.98519642206892
151.26848569278664
179.0131042807778
145.96081952812747
114.83859519898954
127.62524550475938
113.87356498723332
113.14979232841617
112.90853477547711
98.67433915207295
111.46098945784279
84.19888597572972
104.22326286967117
77.92618959931433
109.53092903433036
74.54858385816758
115.80362541074575
72.61852343465515
123.04135199891736
75.9961291758019
130.76159369296707
78.89121981107054
80.58002268164392
127.14273039888127
87.33523416393743
131.96788145766234
96.98553628149956
131.96788145766234
103.74074776379307
124.73015486949073
95.53799096386524
122.8000944459783
86.37020395218121
122.8000944459783
137.51680517526057
125.69518508124695
145.7195619751884
133.41542677529668
156.33489430450678
133.89794188117477
165.0201662103127
129.0727908223937
157.78243962214108
124.24763976361263
147.16710729282272
123.28260955185641
98.43308159913389
60.07313068182436
104.70577797554928
62.4857062112149
111.9435045637209
63.93325152884922
118.6987160460144
61.52067599945868
126.90147284594222
63.45073642297111
137.51680517526057
62.968221317093004
150.06219792809136
61.52067599945868
137.9993202811387
52.83540409365275
127.38398795182033
47.52773792899357
119.1812311518925
46.56270771723735
111.46098945784279
47.52773792899357
104.70577797554928
52.35288898777464
101.81068734028064
59.108100470068145
111.9435045637209
58.14307025831193
119.1812311518925
57.178040046555715
126.90147284594222
58.14307025831193
146.2020770810665
60.55564578770247
126.41895774006412
57.66055515243382
118.6987160460144
56.69552494067761
111.46098945784279
58.14307025831193
