61.53204308251888
133.4889364393488
63.05763092754001
114.67335301742156
65.60027733590856
96.366298877168
65.60027733590856
78.05924473691445
71.19409943431937
61.27777844168203
81.87321434946728
47.54748783649187
96.11203423633116
34.32572651297541
111.36791268654244
22.121023752806376
128.65790826344858
18.052789499416697
145.439374558681
22.121023752806376
162.72937013558712
33.30866794962799
178.49377786747215
45.51337070979702
191.20700990931488
60.26071987833461
197.8178905710731
77.04218617356703
199.85200769776796
96.87482815884171
202.3946541061365
116.19894086244268
203.92024195115764
136.03158284771737
72.7196872793405
145.18510991784413
82.38174363114099
150.77893201625494
94.07791710963632
151.79599057960237
106.28261986980534
149.76187345290754
117.97879334830067
144.67658063617043
143.40525743198617
146.20216848119156
155.6099601921552
151.28746129792867
168.32319223399793
152.30451986127608
180.52789499416699
150.27040273458124
190.18995134596747
143.65952207282302
130.6920253901434
134.50599500269624
130.6920253901434
120.77570439750608
130.1834961084697
106.5368845106422
130.1834961084697
92.29806462377833
116.45320550327953
88.22983037038865
123.06408616503776
84.67012539867268
129.674966826796
80.601891145283
137.30290605190163
84.16159611699896
143.40525743198617
86.70424252536752
86.95850716620437
133.99746572102254
94.58644639131002
139.08275853775962
104.2485027431105
138.5742292560859
111.87644196821616
130.94629003098026
103.23144417976309
129.92923146763286
94.07791710963632
129.92923146763286
150.5246673754181
130.94629003098026
157.64407731885004
138.5742292560859
167.30613367065052
139.08275853775962
174.93407289575617
133.4889364393488
168.32319223399793
129.92923146763286
159.16966516387117
129.92923146763286
97.12909279967857
73.48248120185106
110.85938340486874
70.93983479348252
121.02996903834293
70.4313055118088
129.674966826796
68.39718838511396
138.82849389692277
69.9227762301351
148.99907953039695
70.4313055118088
161.203782290566
70.93983479348252
149.50760881207069
60.26071987833461
138.82849389692277
56.19248562494493
129.16643754512228
55.17542706159751
120.01291047499551
56.70101490661864
108.8252662781739
61.27777844168203
102.72291489808937
70.4313055118088
121.02996903834293
63.82042485005058
129.16643754512228
62.80336628670316
138.82849389692277
63.31189556837687
155.6099601921552
68.90571766678768
138.82849389692277
64.837483413398
129.16643754512228
64.32895413172429
120.52143975666922
65.3460126950717
