66.83971612432649
131.59069111976777
65.91138673371084
115.8090914793018
67.30388081963432
100.02749183883583
72.87385716332818
83.78172750306203
80.30049228825335
68.92845725321169
89.58378619440981
54.539351698669186
97.93875070995063
39.686081448818854
106.29371522549144
24.3686465036607
119.29032669411048
17.40617607404336
135.53609102988426
18.334505464659003
153.63851414688938
29.01029345673893
170.8126078732788
42.471069620665794
187.98670159966827
57.78850456582394
200.5191483729795
74.49843359690557
207.94578349790464
94.45751549514195
211.1949363650594
115.8090914793018
212.12326575567505
136.69650276815383
68.69637490555779
149.69311423677286
76.12301003048294
152.4781024086198
84.47797454602376
148.76478484615723
92.83293906156457
143.65897319777116
100.72373888179756
137.16066746346166
128.1094559049591
134.37567929161472
140.64190267827033
138.0889968540773
153.17434945158155
140.4098203306164
166.17096092020057
140.4098203306164
178.23924299820396
137.16066746346166
114.18451504572442
123.23572660422697
112.79202095980095
108.84662104968446
110.93536217856966
94.92168019044978
109.07870339733837
80.53257463590727
99.33124479587408
80.53257463590727
104.90122113956797
75.42676298752122
111.8636915691853
72.17761012036645
120.68282078003394
74.96259829221339
129.50194999088257
77.2834217687525
79.37216289763771
129.26986764322868
85.87046863194723
131.59069111976777
94.22543314748803
129.73403233853648
102.11623296772103
123.6998912995348
92.83293906156457
124.16405599484261
84.94213924133159
125.09238538545826
136.46442042049992
119.9865737370722
143.89105554542508
124.62822069015044
153.17434945158155
123.23572660422697
162.457643357738
119.9865737370722
153.17434945158155
117.66575026053309
144.3552202407329
118.12991495584092
94.68959784279586
69.85678664382733
102.11623296772103
68.00012786259605
109.07870339733837
66.60763377667259
115.57700913164788
64.28681030013347
123.9319736471887
65.21513969074911
136.92858511580775
64.75097499544128
152.2460200609659
65.21513969074911
137.85691450642338
49.89770474559096
123.9319736471887
44.791893097204905
115.57700913164788
44.791893097204905
108.61453870203054
47.11271657374402
101.6520682724132
55.00351639397701
99.33124479587408
66.14346908136476
109.07870339733837
62.894316214209994
116.04117382695571
61.037657432978705
123.9319736471887
61.037657432978705
147.14020841257985
63.35848090951782
123.9319736471887
55.00351639397701
116.04117382695571
55.46768108928483
109.07870339733837
58.25266926113177
