42.87810917673036
118.61389984215084
44.742374793109946
99.97124367835504
47.072706813584425
81.79465391865412
49.86910523815379
63.6180641589532
56.39403489548233
46.83967361153697
68.9778278060445
33.323747892785015
85.29015194936584
24.002419810887105
103.46674170906675
17.011423749463678
120.71119866057788
14.215025324894306
136.09138999570942
17.011423749463678
149.60731571446138
24.468486214982
162.19110862502356
34.2558807009748
171.97850311101635
46.37360720744208
178.03736636425
62.219864946668515
180.36769838472446
79.93038830227454
182.69803040519895
96.70877884969077
184.09622961748363
114.41930220529679
62.45289814871597
133.5280247731875
72.70635903880367
141.9172200468956
86.22228475755563
145.64575127965477
99.73821047630759
143.7814856632752
112.32200338686975
138.65475521823134
138.88778842027878
138.18868881413644
149.60731571446138
142.8493528550854
160.32684300864398
144.2475520673701
171.04637030282657
140.98508723870583
178.03736636425
133.0619583690926
125.83792910562173
125.60489590357427
126.30399550971661
115.35143501348658
127.2361283179064
105.56404052749377
128.1682611260962
95.31057963740608
112.32200338686975
85.05711874731838
118.8469330441983
83.6589195350337
125.37186270152682
81.79465391865412
131.43072595476048
83.6589195350337
137.0235228038992
85.98925155550818
78.2991558879424
123.2745638830998
86.68835116165052
128.40129432814365
96.94181205173821
127.93522792404875
104.86494092135143
120.47816545853043
95.54361283945353
119.07996624624575
85.75621835346072
119.54603265034063
138.88778842027878
120.01209905443554
146.81091728989202
127.46916151995386
156.1322453717899
127.93522792404875
163.58930783730824
122.8084974790049
157.0643781799797
119.07996624624575
147.7430500980818
118.61389984215084
85.29015194936584
65.48232977533279
101.13640968859227
69.67692741218684
115.11840181143913
71.54119302856643
123.04153068105235
70.14299381628175
131.43072595476048
71.54119302856643
142.61631965303795
70.14299381628175
152.40371413903074
66.41446258352258
142.61631965303795
52.43247046067572
131.43072595476048
46.83967361153697
122.57546427695746
45.90754080334718
113.72020259915445
46.37360720744208
99.2721440722127
51.03427124839103
89.018683182125
64.550196967143
114.65233540734424
66.41446258352258
123.04153068105235
65.94839617942768
130.96465955066557
67.34659539171237
148.6751829062716
65.48232977533279
131.43072595476048
53.830669672960404
123.04153068105235
52.89853686477061
114.65233540734424
52.89853686477061
