51.994782657565445
102.40711540816152
51.54265411271705
84.7741021590741
51.994782657565445
66.2368318202899
55.61181101635261
48.60381857120248
62.39373918907854
32.32719095666025
72.79269572059162
19.215463156056796
86.35655206604348
10.172892259088892
101.27679404604052
3.843092631211359
118.45767875027954
0.6781928172725927
134.73430636482178
2.4867069966661735
148.29816271027363
9.720763714240496
160.05350487633189
20.57184879060198
166.83543304905783
35.03996222575063
172.71310413208695
50.86446129544446
175.87800394602573
67.14108890998669
176.7822610357225
84.3219736142257
176.7822610357225
100.59860122876793
62.39373918907854
123.20502847118769
68.72353881695607
134.96037063724597
81.83526661755953
140.3859131754267
95.85125150785979
138.57739899603314
109.86723639816003
134.05611354754916
125.23960692300547
133.60398500270077
138.80346326845734
137.67314190633633
152.3673196139092
137.67314190633633
164.12266177996744
130.8912137336104
169.0960757732998
118.23161447785535
118.90980729512793
125.91779974027806
119.36193583997633
118.68374302270374
119.81406438482472
110.99755776028101
120.26619292967312
102.85924395300991
107.15446512906966
87.93900197301286
112.5800076672504
86.58261633846767
118.90980729512793
85.2262307039225
124.78747837815708
85.67835924877089
130.21302091633783
87.03474488331608
77.76610971392397
119.58800011240052
84.0959093418015
125.46567119542966
92.68635169392101
125.91779974027806
100.82466550119213
120.04012865724893
92.68635169392101
118.23161447785535
84.0959093418015
117.77948593300695
132.92579218542818
118.68374302270374
141.0641059926993
124.10928556088447
149.6545483448188
123.20502847118769
155.08009088299954
116.42310029846176
149.20241979997041
115.06671466391657
140.6119774478509
116.42310029846176
95.85125150785979
57.64638946817038
104.4416938599793
64.42831764089631
113.03213621209879
67.14108890998669
119.36193583997633
65.7847032754415
126.14386401270225
66.68896036513829
134.28217781997338
62.16767491665434
142.42049162724447
54.029361109383224
134.28217781997338
51.76871838514125
125.69173546785386
51.76871838514125
118.90980729512793
52.67297547483804
112.5800076672504
53.12510401968643
103.98956531513089
54.48148965423162
100.37253695634374
58.550646557867175
113.03213621209879
61.26341782695755
119.36193583997633
60.81128928210915
126.14386401270225
60.81128928210915
138.35133472360891
55.83787528877681
125.69173546785386
59.90703219241236
119.36193583997633
60.35916073726076
113.03213621209879
60.81128928210915
