51.21480450037656
142.74225214708912
52.22895904493847
122.96623852813184
54.76434540634325
102.6831476368936
59.32804085687185
82.90713401793631
67.94835448564811
64.14527494354094
82.14651810951487
47.91880223055034
97.86591355022452
34.22771587896453
114.0923862632151
23.579093161064456
130.82593624848664
21.55078407194063
145.02409987235342
27.128634067031147
155.6727225902535
40.81972041861696
165.30719076359168
55.01788404248373
174.94165893692983
69.72312493863146
182.54781802114417
85.44252037934109
187.11151347167277
102.17607036461264
188.1256680162347
118.9096203498842
188.1256680162347
135.13609306287478
70.99081811933384
146.2917930530558
83.16067265407679
150.8554885035844
96.8517590056626
151.86964304814632
110.54284535724841
149.8413339590225
123.21977716427232
144.77056123621296
149.58779532288202
145.78471578077486
158.71518622393924
150.8554885035844
168.85673166955834
153.3908748649892
178.99827711517747
153.3908748649892
186.6044361993918
147.81302486989867
136.40378624357717
131.58655215690808
136.91086351585813
116.3742339884794
137.92501806042003
101.16191582005072
138.93917260498196
85.94959765162204
121.19146807514849
82.90713401793631
128.79762715936283
80.37174765653153
136.40378624357717
77.3292840228458
143.50286805551056
79.86467038425057
148.5736407783201
83.41421129021727
85.69605901548157
133.61486124603192
94.82344991653878
137.67147942427957
104.9649953621579
137.16440215199862
113.0782317186532
130.06532034006523
103.95084081759599
129.55824306778428
94.31637264425783
130.06532034006523
149.58779532288202
130.06532034006523
157.70103167937734
137.67147942427957
167.3354998527155
138.17855669656052
174.43458166464887
134.62901579059383
168.3496543972774
130.06532034006523
159.2222634962202
129.55824306778428
98.37299082250547
72.76558857231718
113.0782317186532
72.76558857231718
126.26224079795804
72.76558857231718
133.86839988217238
70.73727948319336
141.47455896638672
72.76558857231718
150.094872595163
73.27266584459815
158.71518622393924
72.76558857231718
150.60194986744395
58.060347676169464
141.47455896638672
50.96126586423608
133.36132260989143
49.44003404739321
124.74100898111519
50.45418859195512
111.55699990181033
57.04619313160755
102.42960900075312
70.73727948319336
125.75516352567709
68.20189312178859
133.86839988217238
67.18773857722667
141.47455896638672
68.70897039406954
154.6585680456916
70.23020221091241
141.47455896638672
60.08865676529329
133.36132260989143
58.56742494845042
125.24808625339614
59.581579493012335
