45.48816566726275
147.33111435563433
47.004437856171506
126.60872777388131
49.026134108049845
104.87549306618911
53.574950674776126
84.15310648443608
62.67258380822867
65.45241615456139
76.82445757137708
49.78427020250423
94.5142997753126
36.64324456529499
112.2041419792481
27.040187368872854
128.88313605724446
24.007642991055338
143.03500982039284
27.040187368872854
154.65976326869333
37.14866862826457
163.7573964021459
50.7951183284434
171.33875734668968
65.95784021753099
176.89842203935513
82.13141023255774
182.45808673202058
99.31582837352366
186.50147923577725
117.00567057745917
188.01775142468603
135.20093684436426
74.29733725652915
147.83653841860394
88.44921101967756
150.86908279642145
101.5902366568868
149.35281060751268
114.22583823112645
145.309418103756
126.35601574239652
141.2660255999993
145.56213013524078
141.7714496629689
156.1760354576021
145.309418103756
166.78994077996342
148.34196248157352
177.9092701652943
150.36365873345184
186.50147923577725
145.81484216672558
135.45364887584907
131.1575443406076
136.46449700178823
118.52194276636793
137.47534512772742
105.88634119212828
138.48619325366658
93.25073961788863
121.80719917567025
86.17480273631442
128.37771199427488
84.65853054740566
135.45364887584907
82.13141023255774
141.5187376314841
84.15310648443608
146.57297826117997
86.68022679928401
88.95463508264714
135.70636090733387
96.03057196422135
138.7389052851514
105.1282050976739
138.7389052851514
111.69871791627853
132.67381652951633
103.61193290876514
131.66296840357717
95.01972383828218
132.16839246654675
148.5946745130583
132.16839246654675
156.1760354576021
138.23348122218178
164.76824452808506
139.24432934812097
171.84418140965926
135.70636090733387
165.77909265402423
132.16839246654675
157.18688358354126
131.66296840357717
109.17159760143059
63.43071990268305
119.28007886082231
66.46326428050057
127.87228793130528
68.9903845953485
133.9373766869403
67.47411240643974
139.49704137960575
68.9903845953485
145.56213013524078
66.46326428050057
151.12179482790623
63.43071990268305
145.0567060722712
57.36563114704802
138.99161731663617
54.333086769230505
133.43195262397072
53.32223864329133
126.8614398053661
53.82766270626092
118.77465479785273
57.36563114704802
113.72041416815686
62.92529583971346
127.36686386833568
62.92529583971346
133.43195262397072
62.41987177674388
138.99161731663617
63.43071990268305
148.0892504500887
63.43071990268305
138.99161731663617
63.43071990268305
133.9373766869403
61.914447713774294
127.87228793130528
62.41987177674388
