32.234059227527496
124.36573597486355
32.234059227527496
104.15931078745825
33.67737531234216
83.95288560005295
39.45063965160082
65.18977649746232
50.99716833011813
49.794404926105905
67.35475062468431
37.76677088598371
83.71233291925051
28.14466365388595
101.51323129863137
20.92808322981263
116.4274975083829
20.44697786820774
127.9740261869002
25.73913684586151
134.70950124936863
38.24787624758859
140.0016602270224
52.199931734130345
145.29381920467617
66.63309258227699
150.58597818232994
81.06625343042363
155.8781371599837
95.01830891696538
157.80255860640327
108.97036440350713
155.8781371599837
121.9602091668391
73.60912032554786
136.39337001498575
84.1934382808554
143.60995043905908
96.70217768258249
147.45879333189816
109.21091708430957
146.49658260868839
121.71965648603667
142.1666343542444
143.85050311986151
140.72331826942974
149.62376745912016
145.53437188547863
155.39703179837883
148.42100405510794
160.2080854144277
148.42100405510794
162.61361222245213
145.53437188547863
133.74729052615888
126.77126278288799
136.6339226957882
116.18694482758045
140.0016602270224
106.08373223387781
143.3693977582566
95.01830891696538
123.16297257085132
83.47178023844806
129.89844763331976
82.02846415363341
136.1528173341833
81.54735879202852
141.44497631183708
82.5095695152383
144.8127138430713
85.39620168486762
87.08007045048473
124.36573597486355
95.73996695937271
129.65789495251732
104.88096882986558
131.10121103733198
111.13533853072913
124.36573597486355
103.91875810665582
120.99799844362933
95.73996695937271
120.51689308202444
138.07723878060287
126.77126278288799
143.85050311986151
133.5067378453564
151.06708354393484
134.4689485685662
154.43482107516905
129.65789495251732
151.54818890553972
125.32794669807332
144.8127138430713
124.84684133646843
104.39986346826069
57.973196073389005
116.90860286998779
62.303144327832996
127.9740261869002
65.67088185906721
132.3039744413442
64.70867113585744
135.19060661097353
66.63309258227699
138.55834414220774
65.18977649746232
136.1528173341833
61.34093360462322
136.1528173341833
56.048774626969454
133.26618516455397
51.71882637252546
129.89844763331976
49.794404926105905
124.60628865566599
49.31329956450102
114.50307606196334
51.23772101092057
109.69202244591446
57.973196073389005
127.01181546369044
59.897617519808556
131.82286907973932
60.378722881413445
134.22839588776375
60.859828243018335
133.26618516455397
61.34093360462322
133.26618516455397
61.34093360462322
130.37955299492464
59.897617519808556
126.04960474048066
58.935406796598784
