74.24680624688507
145.04643934659333
73.18613758621528
127.54540644554184
74.24680624688507
110.04437354449037
79.01981521989912
92.5433406434389
86.44449584458762
76.1029764030572
97.05118245128548
60.72328082334529
108.71853771865314
45.87391957396827
121.44656164669058
33.145895645930835
136.2959228960676
28.372886672916795
152.2059528061144
29.963889663921474
168.1159827161612
40.57057627061934
182.4350096352033
53.29860019865678
195.16303356324076
68.1479614480338
203.64838284859906
86.17932867942017
207.8910574912782
106.86236756248101
211.60339780362244
127.01507211520696
213.19440079462711
148.75877965893758
75.30747490755485
159.89580059597034
85.38382718391783
163.07780657797971
95.9905137906157
159.89580059597034
106.06686606697866
155.6531259532912
116.14321834334164
149.81944831960737
144.7812721814259
149.28911398927247
157.50929610946332
155.6531259532912
170.76765436783566
159.36546626563546
184.55634695654288
160.42613492630522
197.2843708845803
155.6531259532912
131.52291392305355
138.1520930522397
130.99257959271867
123.83306613319759
129.93191093204888
108.98370488382058
129.40157660171397
94.66467796477846
117.20388700401143
94.13434363444357
123.03756463769525
89.89166899176442
130.46224526238376
86.17932867942017
138.41726021740718
89.36133466142952
145.84194084209568
92.5433406434389
89.09616749626208
142.39476769491887
97.05118245128548
145.04643934659333
106.06686606697866
144.51610501625845
114.02188102200206
138.1520930522397
105.00619740630889
137.09142439156992
95.9905137906157
137.62175872190483
152.73628713644928
137.09142439156992
161.75197075214248
142.39476769491887
171.29798869817054
142.92510202525375
180.31367231386375
139.2127617129095
172.35865735884033
135.50042140056524
162.81263941281225
134.97008707023036
106.06686606697866
83.5276570277457
115.61288401300675
80.87598537607124
124.62856762869994
79.81531671540145
132.58358258372334
77.69397939406187
141.06893186908164
79.28498238506656
153.79695579711907
79.81531671540145
167.5856483858263
81.93665403674102
155.38795878812374
64.43562113568954
142.12960052975143
57.01094051100103
133.11391691405822
56.48060618066614
124.09823329836505
58.07160917167082
115.08254968267185
66.55695845702911
111.3702093703276
79.81531671540145
124.62856762869994
74.51197341205251
132.58358258372334
72.92097042104784
141.59926619941652
73.45130475138272
162.81263941281225
79.28498238506656
141.59926619941652
67.087292787364
132.58358258372334
66.55695845702911
124.62856762869994
68.1479614480338
