59.014309745077654
146.26391423887782
61.55802999271031
126.42289630734308
65.62798238892256
107.09062242533489
68.17170263655522
88.26709259285322
74.2766312308736
69.95230680989808
85.97774436998382
54.68998532410214
99.71383370720018
40.95389598688578
114.97615519299612
29.761526897302094
131.76470882737166
27.217806649669434
148.5532624617472
30.270270946828624
164.32432799706967
41.46264003641232
177.04292923523298
54.68998532410214
188.7440423743432
70.46105085942462
194.84897096866158
88.26709259285322
197.90143526582077
107.59936647486141
201.46264361250647
126.42289630734308
203.4976198106126
146.26391423887782
68.68044668608175
151.35135473414311
79.87281577566544
156.43879522940844
93.6089051128818
155.9300511798819
105.81876230151855
152.3688428331962
118.02861949015531
147.28140233793087
142.95707791695534
148.80763448651047
155.1669351055921
153.8950749817758
167.8855363437554
157.4562833284615
180.60413758191868
157.96502737798804
191.79650667150239
153.38633093224925
131.25596477784512
133.54531300071451
130.74722072831858
120.82671176255123
130.23847667879207
108.10811052438794
129.72973262926553
95.89825333575119
119.04610758920838
88.26709259285322
124.64229213400021
86.74086044427362
129.72973262926553
85.21462829569403
135.8346612235839
86.2321163947471
140.92210171884923
87.75834854332669
85.4690003204573
135.58028919882065
94.11764916240833
140.15898564455944
105.31001825199202
138.63275349597984
113.44992304441652
131.00159275308187
103.78378610341242
128.45787250544922
92.59141701382873
129.47536060450227
148.04451841222067
131.00159275308187
156.6931672541717
139.6502415950329
167.8855363437554
140.15898564455944
176.53418518570643
135.58028919882065
169.411768492335
129.47536060450227
158.2193994027513
128.45787250544922
106.32750635104509
67.40858656226543
115.99364329204919
70.96979490895114
124.13354808447369
73.00477110705727
129.72973262926553
70.96979490895114
136.34340527311045
72.49602705753074
144.99205411506148
69.44356276037155
155.1669351055921
66.39109846321236
144.99205411506148
59.26868176984092
136.34340527311045
56.72496152220826
129.72973262926553
56.216217472681734
123.62480403494716
57.233705571734795
115.48489924252264
60.286169868893985
111.4149468463104
66.89984251273889
124.13354808447369
67.40858656226543
129.72973262926553
66.39109846321236
136.34340527311045
66.89984251273889
150.0794946103268
65.88235441368583
136.34340527311045
66.89984251273889
129.72973262926553
66.39109846321236
124.13354808447369
67.40858656226543
