27.50173334620792
119.40335894478605
29.793544458391914
98.31869671269331
33.460442237886305
78.15075892547418
38.50242668469109
58.89954558312863
48.58639557830066
42.398505575403874
62.795624473841414
29.106001124736714
79.29666448156617
18.105307786253547
97.63115337903811
10.31315000482797
116.42400449894686
8.938063337517574
131.09159561692442
14.438410006759158
138.88375339835
30.022725569610312
145.30082451246517
45.60704113246147
154.46806896120114
60.73299447287582
161.34350229775313
75.85894781329017
167.30221118943152
90.98490115370454
167.7605734118683
106.56921671655569
165.92712452212112
122.15353227940685
59.12872669434703
129.94569006083242
71.04614447770379
138.6545722871316
86.17209781811815
143.2381945114996
101.7564133809693
144.15491895637317
116.42400449894686
139.1129345095684
135.6752178412924
138.6545722871316
144.3841000675916
143.69655673393638
154.00970673876435
145.53000562368356
162.71858896506353
143.69655673393638
166.3854867445579
135.9043989525108
125.59124894768283
123.07025672428044
127.88306005986682
109.77775227361327
130.1748711720508
96.94361004538291
132.9250445066716
83.19274337227895
109.54857116239488
78.60912114791097
119.17417783356765
76.31731003572698
128.34142228230363
73.56713670110618
136.1335800637292
76.31731003572698
141.6339267329708
80.44257003765817
76.08812892450858
118.94499672234926
85.71373559568136
121.69517005697004
93.50589337710693
122.61189450184364
102.2147756034061
118.94499672234926
94.42261782198052
117.56991005503886
85.71373559568136
117.11154783260206
135.21685561885562
121.23680783453325
143.0090134002812
125.82043005890124
150.80117118170676
126.73715450377483
156.75988007338515
124.44534339159084
151.71789562658034
121.69517005697004
143.92573784515477
120.77844561209645
83.88028670593415
64.85825447480701
99.9229644912221
67.150065586991
115.96564227651007
67.60842780942781
124.67452450280923
66.23334114211741
131.5499578393612
68.5251522543014
138.4253911759132
68.9835144767382
143.46737562271798
68.0667900318646
137.0503045086028
53.39919891388704
130.63323339448763
44.69031668758787
122.84107561306205
41.94014335296708
113.21546894188927
42.398505575403874
98.08951560147491
48.815576689519055
86.63046004055495
63.94153002993341
115.50728005407326
63.024805585059816
124.67452450280923
62.56644336262302
131.5499578393612
63.94153002993341
139.8004778432236
65.7749789196806
130.1748711720508
53.857561136323845
122.84107561306205
50.64902557926625
113.67383116432607
51.10738780170305
