68.45964893912983
148.05757409454668
70.08964058053769
129.58433549192435
73.89295441048935
111.111096889302
77.69626824044101
92.63785828667966
83.12957371180052
74.70795023119328
92.36619301311168
58.40803381711474
103.77613450296667
43.738109044444066
118.44605927563734
32.32816755458909
136.37596733112372
30.154845366045286
154.30587538661013
32.32816755458909
168.43246961214484
43.738109044444066
179.84241110199983
57.321372722842845
189.07903040331098
73.07795858978542
195.5989969689424
89.37787500386396
201.03230244030192
106.76445251221439
204.29228572311763
123.60769947342888
206.46560791166144
141.53760752891526
77.69626824044101
159.46751558440164
89.10620973029599
164.3574905086252
102.68947340869477
163.81415996148925
115.18607599282164
160.55417667867354
127.68267857694852
155.12087120731405
157.56585866942584
156.20753230158596
168.9758001592808
160.55417667867354
180.38574164913578
163.2708294143533
191.79568313899074
162.72749886721735
201.03230244030192
157.29419339585786
142.3526033496192
142.62426862318716
141.80927280248324
130.1276660390603
141.26594225534728
117.63106345493341
140.72261170821133
105.13446087080654
127.68267857694852
98.61449430517513
133.659314595444
95.89784156949537
140.17928116107538
93.18118883381561
146.15591717957085
95.35451102235942
152.13255319806632
97.52783321090322
92.90952356024764
144.25426026459502
101.60281231442286
148.05757409454668
112.46942325714188
147.51424354741073
120.61938146418115
141.53760752891526
111.38276216286998
138.8209547932355
100.51615122015096
138.8209547932355
160.82584195224152
140.9942769817793
168.9758001592808
146.97091300027478
179.29908055486388
146.97091300027478
186.90570821476717
142.62426862318716
179.84241110199983
138.27762424609955
170.0624612535527
138.27762424609955
115.18607599282164
74.70795023119328
122.79270365272495
81.22791679682469
132.57265350117208
83.94456953250445
139.09262006680348
81.22791679682469
145.6125866324349
82.85790843823254
154.30587538661013
78.51126406114494
161.36917249937747
72.53462804264947
153.76254483947417
62.754678194202356
145.06925608529895
58.40803381711474
137.46262842539562
58.40803381711474
130.94266185976423
59.494694911386645
121.1627120113171
64.38466983561021
120.0760509170452
74.16461968405733
132.02932295403613
75.79461132546518
138.54928951966752
74.70795023119328
145.6125866324349
74.70795023119328
156.47919757515393
71.99129749551352
145.06925608529895
71.44796694837757
138.00595897253157
70.90463640124162
131.48599240690018
71.99129749551352
