64.32802159471288
139.29091772726133
65.88434469781076
120.61504049008664
68.99699090400655
101.93916325291194
72.10963711020233
83.78206038343653
78.3349295225939
67.181280617059
89.22919124427915
51.61804958608009
101.67977606906229
38.12991602589835
116.20545836464261
25.679331201115218
133.32501249871942
22.047910627220137
150.44456663279624
25.679331201115218
166.52657203147444
38.12991602589835
181.05225432705478
51.61804958608009
193.50283915183792
66.66250624935971
200.7656802996281
83.26328601573722
203.35955213812457
101.93916325291194
205.43464960892175
120.09626612238733
208.02852144741826
138.77214335956205
72.62841147790164
150.1851794489466
83.00389883188758
157.96679496443605
96.4920323920693
159.00434369983464
109.46139158455175
156.41047186133815
121.39320204163559
150.1851794489466
143.18172548500607
151.2227281843452
156.6698590451878
157.44802059673674
170.67676697306882
159.52311806753394
184.16490053325057
157.44802059673674
194.5403878872365
149.14763071354798
132.80623813102014
136.69704588876485
132.28746376332083
123.72768669628242
131.76868939562152
110.75832750379999
131.24991502792224
97.27019394361825
118.2805558354398
93.63877336972317
124.50584824783137
90.52612716352739
131.76868939562152
86.8947065896323
139.550304911111
90.52612716352739
146.81314605890117
93.11999900202387
87.67286814118125
135.65949715336626
95.97325802437001
141.36601519805853
106.34874537835596
140.32846646265995
115.16790962924402
132.54685094717047
105.31119664295737
132.0280765794712
94.93570928897142
132.54685094717047
152.00088973589413
132.54685094717047
160.82005398678217
139.80969209496064
171.19554134076813
140.84724083035923
179.4959312239569
135.65949715336626
172.23309007616672
132.54685094717047
162.37637708988007
132.0280765794712
97.5295811274679
80.66941417724074
110.49894031995034
82.22573728033863
122.94952514473347
81.70696291263934
132.80623813102014
79.63186544184215
143.70049985270538
81.18818854494003
156.6698590451878
81.18818854494003
171.19554134076813
80.15063980954145
157.7074077805864
62.51231130776533
144.21927422040466
55.24947015997517
132.80623813102014
54.21192142457657
121.91197640933488
55.76824452767447
108.94261721685244
63.03108567546463
103.23609917216018
78.59431670644355
122.94952514473347
76.51921923564636
132.80623813102014
74.96289613254847
143.70049985270538
76.00044486794707
166.00779766377516
78.07554233874426
143.70049985270538
64.06863441086323
132.28746376332083
63.03108567546463
122.43075077703418
64.58740877856252
