67.59852758641293
155.42120481958057
70.36895904487248
136.58227090205563
74.80164937840776
118.29742327622263
78.68025342025112
100.56666194208154
86.43746150393785
83.38998689963235
98.07327362946795
68.4296570239508
110.81725833838186
55.13158602334497
124.6694156306796
43.49577389781488
140.18383179805306
40.17125614766342
155.6982479654265
42.94168760612297
168.99631896603233
52.915240856577334
181.74030367494623
65.10513927379934
193.37611580047633
80.06546914948089
201.13332388416308
97.79623048362198
206.12010050939026
116.63516440114691
210.55279084292553
135.47409831867182
211.66096342630934
154.86711852788864
75.90982196179158
160.40798144480775
87.54563408732167
165.94884436172683
101.3977913796194
165.39475807003492
114.14177608853332
161.51615402819155
127.43984708913914
155.97529111127247
158.46867942388604
155.97529111127247
170.65857784110807
160.40798144480775
182.29438996663816
164.2865854866511
194.48428838386016
165.39475807003492
205.01192792600642
160.96206773649965
142.40017696482067
143.23130640235854
142.40017696482067
129.3791491100608
142.40017696482067
115.52699181776309
141.84609067312877
101.12074823377344
129.65619225590677
96.68805790023816
135.7511414645178
94.47171273347054
141.84609067312877
91.70128127501098
147.94103988173978
93.91762644177862
154.03598909035077
96.13397160854626
94.19466958762457
146.55582415251
102.50596396300321
150.9885144860453
112.47951721345758
150.43442819435336
120.79081158883622
143.23130640235854
111.37134463007376
141.56904752728283
101.3977913796194
142.12313381897474
164.56362863249706
143.23130640235854
172.32083671618378
149.88034190266146
182.29438996663816
150.43442819435336
190.05159805032488
146.0017378608181
183.40256255002197
141.56904752728283
173.9830955912595
141.0149612355909
116.35812125530094
78.95729656609707
125.77758821406341
81.17364173286471
134.64296888113395
83.38998689963235
140.73791808974497
81.17364173286471
147.38695359004788
82.83590060794045
156.2523342571184
80.06546914948089
166.2258875075728
77.84912398271325
156.2523342571184
70.64600219071843
147.38695359004788
67.8755707322589
140.18383179805306
67.8755707322589
133.53479629775015
68.4296570239508
125.2235019223715
72.30826106579416
120.79081158883622
77.84912398271325
134.08888258944205
77.29503769102135
140.73791808974497
76.74095139932943
147.38695359004788
76.74095139932943
161.79319717403752
76.74095139932943
146.83286729835595
76.74095139932943
140.18383179805306
76.18686510763753
134.08888258944205
77.29503769102135
