63.62896839554587
128.48157079869839
63.13951479250321
109.8823338830773
65.09732920467385
92.26200417354151
67.54459721988715
74.15222086096307
73.41804045639908
58.000251960555275
83.2071125172523
43.80609747231812
95.44345259331881
31.080303793208945
110.12706068459862
20.801778129313075
126.76848318804907
17.37560290801445
143.40990569149955
20.312324526270412
159.07242098886468
29.122489381038303
173.7560290801445
39.89046864797683
185.01346195012567
53.10571593012867
192.3552659957656
68.7682312274938
196.2708948201069
85.89910733398692
199.20761643836283
103.5194370435227
199.6970700414055
122.1186739591438
71.9496796472711
147.57026131736217
82.22820531116697
153.44370455387408
94.95399899027615
154.91206536300206
108.16924627242798
152.46479734778876
121.38449355457982
148.05971492040482
142.92045208845687
149.5280757295328
154.66733856148073
153.93315815691673
166.90367863754724
153.93315815691673
178.6505651105711
151.48589014170344
187.460729965339
144.6335396991062
131.17356561543303
132.88665322608233
130.68411201239036
122.1186739591438
130.1946584093477
110.86124108916262
129.70520480630503
99.60380821918142
116.97941112719587
88.34637534920023
122.85285436370779
85.89910733398692
129.21575120326239
83.45183931877362
135.57864804281698
85.40965373094427
141.4520912793289
87.85692174615757
85.16492692942293
132.39719962303968
92.9961845781055
136.31282844738095
102.78525663895871
135.8233748443383
111.5954214937266
129.9499316078264
102.29580303591605
128.48157079869839
92.50673097506284
127.99211719565574
148.79389532496882
128.97102440174106
157.11460657669403
134.84446763825298
166.4142250345046
134.35501403521033
174.24548268318716
129.4604780047837
166.4142250345046
126.03430278348509
157.6040601797367
126.03430278348509
104.74307105112936
63.38424159402454
114.53214311198256
69.74713843357912
123.34230796675045
72.6838600518351
129.21575120326239
70.72604563966445
136.06810164585963
72.19440644879244
144.38881289758487
68.27877762445115
153.19897775235276
61.426427181853896
143.40990569149955
56.531891151427295
135.57864804281698
55.06353034229931
128.23684399717706
54.574076739256654
121.87394715762248
55.55298394534197
114.0426895089399
58.000251960555275
109.63760708155596
63.8736951970672
122.85285436370779
64.85260240315252
128.7262976002197
63.8736951970672
135.57864804281698
64.36314880010985
148.30444172192614
61.91588078489656
136.06810164585963
63.8736951970672
128.7262976002197
63.38424159402454
122.85285436370779
64.85260240315252
