61.645028137105584
128.59557099092928
61.13974102122767
110.40523481932435
62.150315252983496
92.21489864771942
64.67675083237307
74.5298495919924
71.24548333878596
57.85537476802123
83.37237411985592
43.2020484075617
97.01512624855961
31.075157626491748
113.68960107253079
20.969415308933456
131.3746501282578
18.442979729543882
148.049124952229
21.979989540689285
163.71302554444435
32.5910189741255
177.35577767314803
45.22319687107336
187.96680710658424
60.3818103474108
194.03025249711922
77.05628517138199
196.05140096063087
94.23604711123107
197.0619751923867
110.91052193520225
196.55668807650878
129.10085810680718
70.23490910703013
146.28062004665628
81.35122565634425
152.84935255306917
94.48869066917004
153.3546396689471
106.61558145023999
150.3229169736796
117.7318979995541
144.76475869902254
142.99625379344985
144.76475869902254
154.61785745864188
149.81762985780168
166.2394611238339
152.84935255306917
178.87163902078177
153.3546396689471
189.9879555700959
148.30176851016793
130.364075896502
133.64844214970842
130.364075896502
120.51097713688264
130.364075896502
107.87879923993478
130.364075896502
94.741334227109
114.19488818840871
91.20432441596358
121.77419492657742
87.66731460481819
129.85878878062405
84.13030479367279
137.94338263467068
87.66731460481819
145.5226893728394
90.19375018420776
84.88823546748965
133.64844214970842
93.4781164374142
137.69073907673175
102.57328452321667
137.69073907673175
111.66845260901913
131.12200657031886
102.06799740733875
131.12200657031886
92.9728293215363
131.12200657031886
149.56498629986274
131.62729368619677
157.64958015390937
137.1854519608538
166.74474823971184
137.1854519608538
174.82934209375847
133.64844214970842
167.25003535558974
131.62729368619677
158.66015438566518
131.12200657031886
91.96225508978046
77.05628517138199
106.11029433436207
79.07743363489364
119.75304646306577
79.07743363489364
129.85878878062405
76.55099805550407
140.46981821406027
78.06685940313781
154.61785745864188
77.56157228725989
167.75532247146765
75.54042382374824
155.12314457451978
60.3818103474108
141.4803924458161
52.80250360924208
129.85878878062405
51.79192937748625
119.24775934718785
53.30779072511999
105.09972010260624
60.3818103474108
96.50983913268169
75.54042382374824
119.75304646306577
72.50870112848075
129.85878878062405
70.48755266496909
140.46981821406027
72.00341401260283
162.7024513126885
74.0245624761145
140.97510532993817
61.897671695044544
129.85878878062405
60.88709746328871
119.24775934718785
62.402958810922456
