71.23568908294075
133.05809067992146
71.23568908294075
114.23151570800141
73.77982083590291
95.40494073608136
77.34160529004996
77.59601846534618
82.42986879597429
59.78709619461098
90.57109040545323
44.01347932624553
101.76527011848678
29.766341509657384
114.48592888329763
18.57216179662384
129.75071940107065
14.501550991884367
146.54198897062096
18.063335446031402
162.31560583898641
28.748688808472515
176.05391730498212
41.9781739238758
186.73927066742326
58.76944349342612
194.37166592630976
76.5783657641613
198.95110308164166
96.42259343726623
202.00406118519626
115.75799475977871
204.039366587566
136.11104878347606
77.34160529004996
146.28757579532476
85.4828268995289
152.39349200243396
96.16818026197001
153.91997105421126
107.36235997500356
152.9023183530264
118.5565396880371
148.83170754828691
138.40076736114202
149.34053389887936
151.12142612595287
153.41114470361882
162.82443218957886
155.44645010598856
175.03626460379726
154.93762375539612
185.21279161564595
149.84936024947177
127.71541399870091
136.6198751340685
127.71541399870091
125.93452177162739
127.20658764810848
115.24916840918628
126.69776129751604
104.05498869615273
117.53888698685223
93.36963533371163
122.62715049277656
91.33432993134188
127.71541399870091
90.31667723015701
133.31250385521767
91.84315628193433
138.90959371173446
93.87846168430406
89.55343770426836
134.07574338110632
97.18583296315488
139.6728332376231
106.85353362441113
140.18165958821555
113.97710253270519
133.5669170305139
105.83588092322626
131.02278527755172
96.67700661256244
130.5139589269593
147.0508153212134
134.07574338110632
155.19203693069235
141.1993122894004
164.85973759194857
141.1993122894004
172.4921328508351
135.0933960822912
165.36856394254102
131.02278527755172
156.2096896318772
131.53161162814416
108.38001267618843
63.857706999350455
114.99475523389006
71.49010225823696
123.13597684336901
76.06953941356888
127.71541399870091
74.54306036179156
133.31250385521767
76.5783657641613
142.4713781658815
71.49010225823696
150.61259977536045
63.34888064875802
142.98020451647392
52.15470093572448
133.8213302058101
47.57526378039257
127.20658764810848
46.5576110792077
121.6094977915917
47.57526378039257
113.97710253270519
52.15470093572448
113.97710253270519
63.34888064875802
122.62715049277656
66.91066510290506
127.71541399870091
66.91066510290506
133.8213302058101
66.91066510290506
145.01550991884366
63.34888064875802
133.31250385521767
60.80474889579585
127.71541399870091
60.29592254520342
122.62715049277656
60.80474889579585
