87.93867805934455
135.83385093095185
87.41523354708654
120.65396007546975
90.03245610837656
104.95062470772966
93.69656769418259
88.72384482773155
97.36067927998862
71.97362043547545
103.64201342708465
56.27028506773535
110.44679208643869
41.09039421225326
118.82190428256675
26.95739238128717
134.00179513804883
22.769836283223142
151.79890855482097
24.863614332255157
168.54913294707706
34.80906006515722
184.77591282707516
48.4186173838653
198.38547014578324
63.5985082393474
208.85436039094333
81.39562165611952
214.61225002578135
101.28651312192363
216.18258356255535
121.17740458772776
216.18258356255535
141.0682960535319
87.41523354708654
146.3027411761119
91.60278964515058
154.15440885998197
101.02479086579464
155.72474239675597
111.4936811109547
153.63096434772396
120.39223781934076
149.44340824965994
135.57212867482286
152.58407532320797
148.13479696901493
158.341964958046
162.26779879998102
159.91229849482
175.3539116064311
156.24818690901398
185.29935733933317
148.39651922514395
127.1970164786948
137.92762897998387
125.10323842966278
125.8884051980498
122.48601586837277
113.32573690385772
120.39223781934076
100.23962409740763
115.68123720901873
92.91140092579559
119.86879330708275
89.24728933998956
125.10323842966278
87.15351129095755
131.90801708901682
89.77073385224756
138.18935123611286
92.38795641353758
98.40756830450462
138.97451800449988
104.16545793934266
143.1620741025639
112.0171256232127
142.6386295903059
118.29845977030874
137.92762897998387
111.4936811109547
136.35729544320986
103.64201342708465
136.35729544320986
147.61135245675692
138.45107349224187
154.41613111611096
144.2089631270799
162.26779879998102
144.2089631270799
169.07257745933506
140.02140702901588
162.79124331223903
137.40418446772586
154.93957562836897
137.40418446772586
114.63434818450273
67.78606433741143
118.29845977030874
70.40328689870144
122.48601586837277
71.45017592321744
127.7204609909528
69.35639787418543
134.00179513804883
70.92673141095945
142.9003518464349
69.87984238644344
153.36924209159497
66.73917531289543
143.4237963586929
61.504730190315385
134.52523965030684
59.410952141283374
127.7204609909528
58.88750762902537
122.48601586837277
59.93439665354138
118.82190428256675
63.0750637270894
117.77501525805074
67.78606433741143
123.00946038063077
66.73917531289543
127.7204609909528
65.6922862883794
134.52523965030684
66.73917531289543
149.18168599353095
66.73917531289543
134.52523965030684
65.6922862883794
127.7204609909528
65.6922862883794
122.48601586837277
66.73917531289543
