65.90098625465106
149.60586798938928
68.02682452093012
129.94186402630794
70.68412235377896
110.27786006322657
73.34142018662779
90.6138561001452
80.78185411860451
73.0756904033429
94.06834328284869
57.66336297281967
108.41775158023238
43.845414242005745
123.29861944418585
30.55892507776158
140.30532557441836
25.775788978633678
157.3120317046509
30.02746551119181
173.2558187017439
42.78249510886621
187.6052269991276
57.131903406249904
199.82879703023224
72.01277127020337
206.7377713956392
90.08239653357543
208.86360966191828
109.21494093008702
210.98944792819734
128.34748532659862
212.58382662790663
147.48002972311022
75.46725845290685
152.7946253888079
86.09644978430218
157.5777614879358
97.78856024883704
158.10922105450555
109.48067071337191
154.92046365508696
120.641321611337
149.07440842281952
151.46597647238346
149.07440842281952
164.22100607005788
154.3890040885172
176.4445761011625
157.04630192136602
188.66814613226714
155.9833827882265
198.7658778970927
151.20024668909858
136.05364904186024
138.44521709142418
135.52218947529047
125.15872792718002
134.9907299087207
111.87223876293586
134.45927034215094
98.5857495986917
121.70424074447655
95.3969921992731
128.08175554331373
92.73969436642426
134.9907299087207
89.55093696700567
142.43116384069745
92.73969436642426
149.3401382061044
94.86553263270334
90.87958588343008
142.16543405741257
99.91439851511612
145.35419145683116
109.48067071337191
143.75981275712186
116.92110464534865
136.8508383917149
107.88629201366261
136.8508383917149
98.32001981540681
137.91375752485442
156.78057213808114
136.8508383917149
164.22100607005788
143.2283531905521
173.78727826831366
143.75981275712186
182.8220908999997
140.57105535770324
174.85019740145322
136.8508383917149
165.81538476976718
135.78791925857536
102.04023678139518
84.236341301308
115.32672594563934
83.70488173473824
127.01883641017422
83.70488173473824
136.05364904186024
82.11050303502894
146.1513808066858
84.236341301308
159.43786997092997
83.70488173473824
174.85019740145322
84.236341301308
161.03224867063926
67.22963517107547
147.7457595063951
59.78920123909874
137.11656817499977
58.72628210595921
127.55029597674398
59.78920123909874
114.79526637906957
67.22963517107547
107.35483244709285
81.57904346845916
127.01883641017422
77.8588265024708
136.05364904186024
76.79590736933127
146.1513808066858
78.39028606904057
169.53560173575553
82.11050303502894
147.21429993982534
68.82401387078477
136.58510860843
67.76109473764524
127.55029597674398
68.82401387078477
