-8910440505.019712
-27441137.808150053
-1920341.2066236082
-772950.8238290544
-263381.2130747539
-125223.2094672448
-30086.074372065483
-9005.493615116242
-5857.750922931738
-1972.0505354162085
-354.93455724992134
-105.62133218457097
-6812.139175930773
-177771563.53353322
-5262612.444617933
-961863.7966160708
-279265.99392861966
-104546.97135563659
-81205.89150674008
-28489.110468064486
-11071.983943358535
-2869.911174755298
-1289.9339456845612
-325.13292444260355
-97.41692209083722
-1674766.5712197314
-170710.38885594512
-39465.20171700754
-29405.614038432283
-13845.641510687763
-8461.490060735645
-1832.49151690403
-1152.895106349385
-518.6249211411642
-103.05440370699296
-31.191628559083743
-418179.996104182
-253299.15104152827
-32859.53261250503
-14858.955195656685
-2728.273599777888
-2131.9269693004553
-508.06330037539647
-340.03530898765075
-98.03265433356734
-27.162341611475227
-8910440505.019712
-27441137.808150053
-1920341.2066236082
-772950.8238290544
-263381.2130747539
-125223.2094672448
-30086.074372065483
-9005.493615116242
-5857.750922931738
-1972.0505354162085
-354.93455724992134
-105.62133218457097
-6812.139175930773
-177771563.53353322
-5262612.444617933
-961863.7966160708
-279265.99392861966
-104546.97135563659
-81205.89150674008
-28489.110468064486
-11071.983943358535
-2869.911174755298
-1289.9339456845612
-325.13292444260355
-97.41692209083722
-1674766.5712197314
-170710.38885594512
-39465.20171700754
-29405.614038432283
-13845.641510687763
-8461.490060735645
-1832.49151690403
-1152.895106349385
-518.6249211411642
-103.05440370699296
-31.191628559083743
-418179.996104182
-253299.15104152827
-32859.53261250503
-14858.955195656685
-2728.273599777888
-2131.9269693004553
-508.06330037539647
-340.03530898765075
-98.03265433356734
-27.162341611475227
-8910440505.019712
-27441137.808150053
-1920341.2066236082
-772950.8238290544
-263381.2130747539
-125223.2094672448
-30086.074372065483
-9005.493615116242
-5857.750922931738
-1972.0505354162085
-354.93455724992134
-105.62133218457097
-6812.139175930773
-177771563.53353322
-5262612.444617933
-961863.7966160708
-279265.99392861966
-104546.97135563659
-81205.89150674008
-28489.110468064486
-11071.983943358535
-2869.911174755298
-1289.9339456845612
-325.13292444260355
-97.41692209083722
-1674766.5712197314
-170710.38885594512
-39465.20171700754
-29405.614038432283
-13845.641510687763
-8461.490060735645
-1832.49151690403
-1152.895106349385
-518.6249211411642
-103.05440370699296
-31.191628559083743
-418179.996104182
-253299.15104152827
-32859.53261250503
-14858.955195656685
-2728.273599777888
-2131.9269693004553
-508.06330037539647
-340.03530898765075
-98.03265433356734
-27.162341611475227
-8910440505.019712
-27441137.808150053
-1920341.2066236082
-772950.8238290544
-263381.2130747539
-125223.2094672448
-30086.074372065483
-9005.493615116242
-5857.750922931738
-1972.0505354162085
-354.93455724992134
-105.62133218457097
-6812.139175930773
-177771563.53353322
-5262612.444617933
-961863.7966160708
-279265.99392861966
-104546.97135563659
-81205.89150674008
-28489.110468064486
-11071.983943358535
-2869.911174755298
-1289.9339456845612
-325.13292444260355
-97.41692209083722
-1674766.5712197314
-170710.38885594512
-39465.20171700754
-29405.614038432283
-13845.641510687763
-8461.490060735645
-1832.49151690403
-1152.895106349385
-518.6249211411642
-103.05440370699296
-31.191628559083743
-418179.996104182
-253299.15104152827
-32859.53261250503
-14858.955195656685
-2728.273599777888
-2131.9269693004553
-508.06330037539647
-340.03530898765075
-98.03265433356734
-27.162341611475227
-8910440505.019712
-27441137.808150053
-1920341.2066236082
-772950.8238290544
-263381.2130747539
-125223.2094672448
-30086.074372065483
-9005.493615116242
-5857.750922931738
-1972.0505354162085
-354.93455724992134
-105.62133218457097
-6812.139175930773
-8910440505.019712
-27441137.808150053
-1920341.2066236082
-772950.8238290544
-263381.2130747539
-125223.2094672448
-30086.074372065483
-9005.493615116242
-5857.750922931738
-1972.0505354162085
-354.93455724992134
-105.62133218457097
-6812.139175930773
-177771563.53353322
-5262612.444617933
-961863.7966160708
-279265.99392861966
-104546.97135563659
-81205.89150674008
-28489.110468064486
-11071.983943358535
-2869.911174755298
-1289.9339456845612
-325.13292444260355
-97.41692209083722
-1674766.5712197314
-170710.38885594512
-39465.20171700754
-29405.614038432283
-13845.641510687763
-8461.490060735645
-1832.49151690403
-1152.895106349385
-518.6249211411642
-103.05440370699296
-31.191628559083743
-418179.996104182
-253299.15104152827
-32859.53261250503
-14858.955195656685
-2728.273599777888
-2131.9269693004553
-508.06330037539647
-340.03530898765075
-98.03265433356734
-27.162341611475227
-8910440505.019712
-27441137.808150053
-1920341.2066236082
-772950.8238290544
-263381.2130747539
-125223.2094672448
-30086.074372065483
-9005.493615116242
-5857.750922931738
-1972.0505354162085
-354.93455724992134
-105.62133218457097
-6812.139175930773
-177771563.53353322
-5262612.444617933
-961863.7966160708
-279265.99392861966
-104546.97135563659
-81205.89150674008
-28489.110468064486
-11071.983943358535
-2869.911174755298
-1289.9339456845612
-325.13292444260355
-97.41692209083722
-1674766.5712197314
-170710.38885594512
-39465.20171700754
-29405.614038432283
-13845.641510687763
-8461.490060735645
-1832.49151690403
-1152.895106349385
-518.6249211411642
-103.05440370699296
-31.191628559083743
-418179.996104182
-253299.15104152827
-32859.53261250503
-14858.955195656685
-2728.273599777888
-2131.9269693004553
-508.06330037539647
-340.03530898765075
-98.03265433356734
-27.162341611475227
-8910440505.019712
-27441137.808150053
-1920341.2066236082
-772950.8238290544
-263381.2130747539
-125223.2094672448
-30086.074372065483
-9005.493615116242
-5857.750922931738
-1972.0505354162085
-354.93455724992134
-105.62133218457097
-6812.139175930773
-177771563.53353322
-5262612.444617933
-961863.7966160708
-279265.99392861966
-104546.97135563659
-81205.89150674008
-28489.110468064486
-11071.983943358535
-2869.911174755298
-1289.9339456845612
-325.13292444260355
-97.41692209083722
-1674766.5712197314
-170710.38885594512
-39465.20171700754
-29405.614038432283
-13845.641510687763
-8461.490060735645
-1832.49151690403
-1152.895106349385
-518.6249211411642
-103.05440370699296
-31.191628559083743
-418179.996104182
-253299.15104152827
-32859.53261250503
-14858.955195656685
-2728.273599777888
-2131.9269693004553
-508.06330037539647
-340.03530898765075
-98.03265433356734
-27.162341611475227
-8910440505.019712
-27441137.808150053
-1920341.2066236082
-772950.8238290544
-263381.2130747539
-125223.2094672448
-30086.074372065483
-9005.493615116242
-5857.750922931738
-1972.0505354162085
-354.93455724992134
-105.62133218457097
-6812.139175930773
-177771563.53353322
-5262612.444617933
-961863.7966160708
-279265.99392861966
-104546.97135563659
-81205.89150674008
-28489.110468064486
-11071.983943358535
-2869.911174755298
-1289.9339456845612
-325.13292444260355
-97.41692209083722
-1674766.5712197314
-170710.38885594512
-39465.20171700754
-29405.614038432283
-13845.641510687763
-8461.490060735645
-1832.49151690403
-1152.895106349385
-518.6249211411642
-103.05440370699296
-31.191628559083743
-418179.996104182
-253299.15104152827
-32859.53261250503
-14858.955195656685
-2728.273599777888
-2131.9269693004553
-508.06330037539647
-340.03530898765075
-98.03265433356734
-27.162341611475227
-8910440505.019712
-27441137.808150053
-1920341.2066236082
-772950.8238290544
-263381.2130747539
-125223.2094672448
-30086.074372065483
-9005.493615116242
-5857.750922931738
-1972.0505354162085
-354.93455724992134
-105.62133218457097
-6812.139175930773
-177771563.53353322
-5262612.444617933
-961863.7966160708
-279265.99392861966
-104546.97135563659
-81205.89150674008
-28489.110468064486
-11071.983943358535
-2869.911174755298
-1289.9339456845612
-325.13292444260355
-97.41692209083722
-1674766.5712197314
-170710.38885594512
-39465.20171700754
-29405.614038432283
-13845.641510687763
-8461.490060735645
-1832.49151690403
-1152.895106349385
-518.6249211411642
-103.05440370699296
-31.191628559083743
-418179.996104182
-253299.15104152827
-32859.53261250503
-14858.955195656685
-2728.273599777888
-2131.9269693004553
-508.06330037539647
-340.03530898765075
-98.03265433356734
-27.162341611475227
-8910440505.019712
-27441137.808150053
-1920341.2066236082
-772950.8238290544
-263381.2130747539
-125223.2094672448
-30086.074372065483
-9005.493615116242
-5857.750922931738
-1972.0505354162085
-354.93455724992134
-105.62133218457097
-6812.139175930773
-177771563.53353322
-5262612.444617933
-961863.7966160708
-279265.99392861966
-104546.97135563659
-81205.89150674008
-28489.110468064486
-11071.983943358535
-2869.911174755298
-1289.9339456845612
-325.13292444260355
-97.41692209083722
-1674766.5712197314
-170710.38885594512
-39465.20171700754
-29405.614038432283
-13845.641510687763
-8461.490060735645
-1832.49151690403
-1152.895106349385
-518.6249211411642
-103.05440370699296
-31.191628559083743
-418179.996104182
-253299.15104152827
-32859.53261250503
-14858.955195656685
-2728.273599777888
-2131.9269693004553
-508.06330037539647
-340.03530898765075
-98.03265433356734
-27.162341611475227
-8910440505.019712
-27441137.808150053
-1920341.2066236082
-772950.8238290544
-263381.2130747539
-125223.2094672448
-30086.074372065483
-9005.493615116242
-5857.750922931738
-1972.0505354162085
-354.93455724992134
-105.62133218457097
-6812.139175930773
-177771563.53353322
-5262612.444617933
-961863.7966160708
-279265.99392861966
-104546.97135563659
-81205.89150674008
-28489.110468064486
-11071.983943358535
-2869.911174755298
-1289.9339456845612
-325.13292444260355
-97.41692209083722
-1674766.5712197314
-170710.38885594512
-39465.20171700754
-29405.614038432283
-13845.641510687763
-8461.490060735645
-1832.49151690403
-1152.895106349385
-518.6249211411642
-103.05440370699296
-31.191628559083743
-418179.996104182
-253299.15104152827
-32859.53261250503
-14858.955195656685
-2728.273599777888
-2131.9269693004553
-508.06330037539647
-340.03530898765075
-98.03265433356734
-27.162341611475227
-8910440505.019712
-27441137.808150053
-1920341.2066236082
-772950.8238290544
-263381.2130747539
-125223.2094672448
-30086.074372065483
-9005.493615116242
-5857.750922931738
-1972.0505354162085
-354.93455724992134
-105.62133218457097
-6812.139175930773
-177771563.53353322
-5262612.444617933
-961863.7966160708
-279265.99392861966
-104546.97135563659
-81205.89150674008
-28489.110468064486
-11071.983943358535
-2869.911174755298
-1289.9339456845612
-325.13292444260355
-97.41692209083722
-1674766.5712197314
-170710.38885594512
-39465.20171700754
-29405.614038432283
-13845.641510687763
-8461.490060735645
-1832.49151690403
-1152.895106349385
-518.6249211411642
-103.05440370699296
-31.191628559083743
-418179.996104182
-253299.15104152827
-32859.53261250503
-14858.955195656685
-2728.273599777888
-2131.9269693004553
-508.06330037539647
-340.03530898765075
-98.03265433356734
-27.162341611475227
