71.4520311782911
123.70436690391213
70.96596293898298
107.66411500674474
72.9102358962154
90.65172663096115
75.34057709275591
73.63933825517755
79.71519124652883
56.62694987939396
87.49228307545847
42.53097093945898
98.67185257954483
30.86533319606452
111.30962680155551
21.630036649210567
125.89167398079859
18.713627213361953
142.41799411727408
21.143968409902467
159.43038249305766
28.434991999524005
174.01242967230075
39.61456150361037
184.70593093707902
53.71054044354534
192.48302276600865
70.23686058002083
196.37156868047347
89.19352191303683
197.82977339839778
107.66411500674474
197.82977339839778
126.13470810045264
71.4520311782911
147.03564239070104
77.77091828929643
153.84059774101448
87.97835131476658
155.2988024589388
98.67185257954483
153.84059774101448
108.879285605015
149.46598358724157
133.18269757042012
149.95205182654968
145.33440355312268
154.8127342196307
158.45824601444147
156.7570071768631
171.09602023645215
155.2988024589388
181.78952150123038
148.00777886931726
121.03099158771757
132.45359521145798
121.51705982702566
120.78795746806351
121.03099158771757
109.12231972466904
121.03099158771757
97.45668198127458
110.8235585622474
86.76318071649632
116.17030919463653
84.81890775926391
122.00312806633377
83.3607030413396
128.3220151773391
84.33283951995581
134.64090228834445
86.27711247718823
82.63160068237745
129.05111753630126
89.43655603269089
135.3700046473066
99.15792081885294
135.8560728866147
107.42108088709068
127.59291281837694
98.67185257954483
124.67650338252834
88.95048779338279
124.67650338252834
140.47372116004166
127.59291281837694
149.70901770689562
134.88393640799848
159.43038249305766
135.3700046473066
167.69354256129543
129.53718577560934
160.40251897167389
124.67650338252834
150.19508594620373
124.67650338252834
99.64398905816104
61.001564033166886
108.39321736570689
65.8622464262479
116.65637743394464
68.77865586209653
122.48919630564187
67.32045114417222
128.8080834166472
69.26472410140462
138.52944820280925
65.8622464262479
149.70901770689562
61.001564033166886
139.01551644211736
52.25233572562104
129.29415165595532
48.36378981115622
122.48919630564187
47.87772157184811
115.68424095532843
49.33592628977242
107.90714912639879
53.224472204237244
104.50467145124207
60.51549579385878
116.17030919463653
61.48763227247498
122.97526454494997
60.51549579385878
129.29415165595532
61.001564033166886
144.3622670745065
60.51549579385878
128.8080834166472
60.02942755455068
122.48919630564187
59.543359315242576
116.17030919463653
60.51549579385878
