54.68680758919717
119.03809410579557
56.572559575031555
101.5948882368275
59.40118755378313
84.15168236785944
61.28693953961752
66.70847649889137
66.00131950420348
50.6795846192991
75.43007943337541
37.950758714917
87.68746734129891
27.107684796369288
102.3020452315154
18.621800860114554
119.27381310402487
15.32173488490438
137.18845696945152
17.67892486719736
153.6887868455024
24.750494814076305
169.24624072863608
33.70781674678963
180.5607526436424
45.96520465471314
186.68944659760413
61.99409653430541
189.9895125728143
79.90874039973207
194.23245454094166
97.82338426515874
197.06108251969326
116.68090412350259
62.701253528993306
136.48129997476363
70.71569946878944
144.49574591455976
82.97308737671295
146.85293589685276
95.23047528463646
145.43862190747694
107.01642519610135
140.72424194289098
130.11688702257257
141.1956799393496
144.26002691633047
146.38149790039415
157.93172881362975
147.79581188976994
171.60343071092905
144.96718391101837
181.50362863655957
136.48129997476363
118.33093711110767
127.5239780420503
117.85949911464907
116.68090412350259
116.91662312173187
105.83783020495487
116.44518512527328
94.99475628640715
104.65923521380837
87.45174834306961
110.31649117131153
85.09455836077663
116.91662312173187
82.26593038202505
124.45963106506942
85.09455836077663
131.05976301548978
86.98031034661102
77.78726941566839
123.75247407038152
85.80171535546452
128.93829203142607
95.70191328109505
128.4668540349675
103.24492122443259
121.39528408808854
94.28759929171926
119.98097009871276
85.33027735900593
120.45240809517135
137.65989496591013
121.86672208454713
146.14577890216486
128.93829203142607
156.04597682779539
129.40973002788468
164.5318607640501
124.22391206684013
156.98885282071257
120.92384609162995
147.08865489508204
120.45240809517135
90.04465732359189
64.35128651659839
99.94485524922241
71.89429445993594
109.84505317485294
73.78004644577032
117.85949911464907
72.36573245639453
126.8168210473624
73.78004644577032
138.6027709588273
70.95141846701874
150.86015886675082
63.4084105236812
140.0170849482031
52.56533660513349
127.75969704027959
48.32239463700612
118.33093711110767
47.85095664054752
109.37361517839435
48.79383263346472
99.47341725276382
53.036774601592086
94.28759929171926
64.35128651659839
109.84505317485294
66.70847649889137
118.33093711110767
66.23703850243278
126.8168210473624
67.17991449534998
147.08865489508204
63.4084105236812
127.288259043821
56.80827857326085
118.33093711110767
56.33684057680226
109.84505317485294
57.27971656971945
