70.4746531024223
137.44890952757194
71.40809221636165
120.18028591969363
74.20840955817975
103.37838186878501
77.94216601393722
87.50991693181575
82.60936158363407
71.64145199484649
89.61015493817933
56.70642617181661
98.01110696363365
43.638278576665456
107.34549810302732
31.03685053848399
120.41364569817848
24.502776740908413
138.14898886302646
23.569337626969045
157.7512102557532
30.10341142454462
176.41999253454057
41.77140034878672
192.28845747150982
57.173145728786295
203.48972683878225
76.30864756454334
209.55708107938813
97.7777471851488
212.35739842120623
120.18028591969363
213.7575570921153
143.51626376817785
69.07449443151323
142.58282465423846
75.14184867211912
148.65017889484437
85.40967892545217
146.78330066696563
96.14422873575491
142.58282465423846
105.94533943211827
136.98218997060226
123.21396303999659
135.11531174272352
137.68226930605678
140.24922686939004
153.55073424302606
142.1161050972688
168.95247962302562
140.71594642635972
182.02062721817677
133.71515307181448
114.81301101454227
125.78092060332985
113.41285234363322
114.11293167908774
111.54597411575448
102.44494275484564
110.14581544484543
89.84351471666417
100.81142430545175
84.70959958999765
106.41205898908795
80.04240402030081
113.41285234363322
77.2420866784827
122.74724348302689
79.57568446333113
131.14819550848122
81.90928224817955
82.14264202666439
130.44811617302668
88.20999626727028
131.38155528696606
95.67750917878523
130.44811617302668
103.61174164726985
126.71435971726922
95.21078962181554
125.78092060332985
87.27655715333091
126.24764016029953
138.14898886302646
123.44732281848142
146.0832213315111
126.24764016029953
154.9508929139351
124.84748148939047
164.75200361029846
123.44732281848142
155.41761247090477
120.18028591969363
146.0832213315111
120.64700547666332
99.4112656345427
61.84034129848313
105.4786198751486
64.64065864030124
110.14581544484543
65.57409775424061
116.21316968545132
63.24049996939218
123.21396303999659
64.64065864030124
133.01507373635994
61.84034129848313
145.14978221757173
57.173145728786295
133.48179329332964
50.639071931210715
123.21396303999659
48.30547414636229
115.74645012848164
48.77219370333198
109.67909588787575
50.639071931210715
104.54518076120922
55.30626750090756
103.14502209030017
61.84034129848313
110.14581544484543
61.373621741513446
115.74645012848164
59.973463070604396
122.74724348302689
59.973463070604396
140.0158670909052
57.639865285755974
122.74724348302689
57.639865285755974
115.74645012848164
57.639865285755974
109.67909588787575
59.50674351363471
