53.361581302802136
123.01497282637129
54.306034069223415
104.12591749794576
57.13939236848724
85.70908855273086
59.50052428454043
66.82003322430533
66.58392003270001
49.81988342872235
77.4451268465447
35.18086554919256
90.66746557644257
21.486300436084047
105.778709839183
10.152867239028724
122.77885963476598
6.375056173343618
139.77900943034896
10.625093622239364
154.8902536930894
21.958526819294683
168.11259242298726
34.70863916598192
178.02934647041067
49.81988342872235
184.16828945214897
66.82003322430533
186.52942136820215
86.1813149359415
187.94610051783408
105.07037026436704
187.94610051783408
123.95942559279257
65.63946726627873
136.70953793947982
74.13954216407022
144.26516007085002
85.47297536112555
146.62629198690323
97.2786349413915
143.7929336876394
109.08429452165747
139.070669855533
136.00119836466385
140.01512262195428
146.86240517850854
146.15406560369257
157.72361199235323
149.9318766693777
168.5848188061979
148.04297113653513
176.14044093756812
140.4873490051649
123.25108601797662
125.84833112563513
123.25108601797662
114.04267154536916
123.72331240118726
102.70923834831385
123.72331240118726
90.9035787680479
110.97320005450001
84.29240940309894
116.63991665302768
81.93127748704576
123.25108601797662
79.57014557099257
129.3900289997149
81.93127748704576
135.05674559824257
84.29240940309894
79.80625876259788
124.43165197600321
87.36188089396809
129.62614219132024
97.2786349413915
128.68168942489896
104.36203068955108
121.59829367673937
95.86195579175958
120.65384091031811
86.88965451075747
121.12606729352875
138.83455666392769
122.07052005995001
146.86240517850854
129.1539158081096
156.3069328427213
130.57059495774152
164.33478135730215
125.37610474242449
157.72361199235323
121.59829367673937
148.27908432814044
120.65384091031811
91.1396919596532
64.93112769146278
102.47312515670852
71.07007067320107
114.27878473697449
72.48674982283299
122.30663325155534
71.54229705641171
130.80670814934683
72.01452343962235
141.66791496319152
70.59784428999043
152.05689539382556
64.45890130825214
142.6123677296128
45.5698459798266
131.7511609157681
38.01422384845639
122.30663325155534
37.06977108203511
112.86210558734257
38.01422384845639
100.58421962386598
46.04207236303724
95.38972940854894
63.9866749250415
114.27878473697449
66.82003322430533
122.30663325155534
65.87558045788406
130.80670814934683
66.3478068410947
147.33463156171916
63.51444854183086
131.27893453255746
47.93097789587979
122.30663325155534
46.51429874624788
113.33433197055321
47.45875151266915
