30.170777727829343
133.44767071924517
28.77828029423722
114.88103827135019
29.242446105434595
94.92190838986309
32.491606783816216
74.49861269717861
42.23908881896108
56.86031187167838
57.55656058847444
42.47117172455977
75.65902722517204
31.33119225582278
96.08232291785653
23.90453927666479
111.86396049856725
22.512041843072662
123.46810577850162
25.761202521454287
130.89475875765962
35.972850367796525
136.92891430322547
48.50532727012563
143.42723565998872
61.9661357948495
149.4613912055546
75.42694431957335
156.4238783735152
89.81608446669196
159.20887324069946
104.66939042500795
157.81637580710733
119.05853057212656
68.23237424601405
143.19515275439005
80.76485114834317
147.3726450551664
94.6898254842644
147.3726450551664
107.22230238659351
144.12348437678477
119.75477928892262
139.01766045361367
140.1780749816071
138.08932883121892
146.67639633837035
142.2668211319953
153.17471769513358
144.58765018798215
158.2805416183047
146.44431343277165
162.4580339190811
144.12348437678477
129.96642713526487
122.30769125050819
131.358924568857
110.70354597057383
134.14391943604124
99.09940069063946
136.4647484920281
87.03108959950772
117.43395023293576
80.0686024315471
123.932271589699
77.28360756436285
129.5022613240675
75.42694431957335
135.072251058436
77.74777337556023
138.78557754801497
81.92526567633661
82.62151439313266
125.09268611769244
91.44066480588278
129.73434422966616
101.18814684102765
128.80601260727144
106.75813657539614
121.84352543931081
98.86731778504077
119.52269638332393
90.04816737229065
119.98686219452131
135.53641686963337
122.30769125050819
141.57057241519922
128.80601260727144
149.4613912055546
129.73434422966616
152.7105518839362
125.55685192888981
149.92555701675198
120.91519381691606
142.96306984879135
120.45102800571868
101.65231265222502
57.78864349407313
112.792292120962
62.89446741724424
123.932271589699
66.14362809562587
128.57392970167274
64.28696485083637
132.75142200244912
66.60779390682325
136.92891430322547
64.28696485083637
136.4647484920281
59.181140927665254
134.14391943604124
52.21865375970463
130.43059294646224
47.112829836533514
125.78893483448849
45.72033240294139
120.21894510012
45.72033240294139
110.93562887617252
48.96949308132301
106.29397076419876
57.78864349407313
122.53977415610687
58.2528093052705
127.18143226808061
58.2528093052705
131.358924568857
59.181140927665254
134.14391943604124
59.181140927665254
131.358924568857
58.2528093052705
127.64559807927799
57.32447768287575
123.00393996730425
57.32447768287575
