27.288282286856255
123.2597835499524
28.67582206415403
102.90920014958503
30.988388359650326
81.63359023101914
37.00106072794068
61.74552008975102
49.02640546452141
44.63252950307845
67.06442256939249
31.682158248299213
87.41500596975987
21.506866548115525
109.61564240652429
15.494194179825163
127.19114625229611
15.031680920725904
140.60403076617462
20.119326770817747
148.92926942996127
33.532211284696245
156.79199483464865
47.407609057674
162.34215394383975
61.74552008975102
166.04226001663383
76.5459443809273
169.27985283032865
90.88385541300431
168.81733957122938
105.22176644508133
166.50477327573307
118.63465095895982
62.901803237499166
137.59769458202942
75.38966123317914
143.14785369122052
89.2650590061569
144.99790672761756
102.21543026093615
143.14785369122052
115.16580151571539
138.9852343593272
141.52905728437312
137.13518132293018
148.466756170862
141.2978006548235
155.86696831645014
144.07288020941905
162.34215394383975
144.5353934685183
166.50477327573307
139.91026087752573
129.5037125477924
121.40973051355537
132.27879210238794
109.8468990360739
135.97889817518202
98.74658081769171
139.21649098887684
87.18374934021024
117.94088107031094
79.32102393552285
125.80360647499833
77.47097089912582
132.7413053614872
75.15840460362952
138.2914644706783
77.47097089912582
142.45408380257163
80.24605045372137
79.08976730597321
121.87224377265463
87.87751922885913
126.03486310454797
97.1277844108443
125.5723498454487
104.9905098155317
119.09716421805908
96.20275789264578
117.24711118166205
86.48997945156135
117.7096244407613
135.97889817518202
119.55967747715835
143.8416235798694
126.95988962274647
152.62937550275532
127.42240288184574
158.6420478710457
123.2597835499524
153.55440202095386
119.09716421805908
145.22916335716718
118.63465095895982
92.04013856075245
64.05808638524731
108.69061588832577
64.98311290344583
123.02852692040278
65.44562616254508
130.42873906599092
64.05808638524731
135.97889817518202
65.90813942164435
142.9165970616709
65.90813942164435
145.69167661626645
64.52059964434658
141.9915705434724
53.42028142596436
135.0538716569835
47.87012231677326
128.57868602959388
46.48258253947549
120.71596062490649
46.94509579857475
106.84056285192872
51.57022838956733
96.20275789264578
63.13305986704879
122.56601366130351
60.820493571552504
129.96622580689166
60.820493571552504
135.51638491608276
61.74552008975102
142.9165970616709
63.13305986704879
135.0538716569835
55.73284772146066
129.04119928869315
53.88279468506362
121.64098714310501
54.34530794416288
