70.11521912048568
133.3212743130403
70.62700904107317
116.94399685424072
72.67416872342312
100.05492947485365
75.23311832636055
83.67765201605408
79.83922761164793
67.81216447784199
89.05144618222269
53.48204670139236
100.3108244351474
40.17550876611771
113.61736237042206
28.916130513193
130.50642974980912
24.821811148493108
148.41907697037115
27.38076075143054
167.35530403210817
36.5929793220053
184.24437141149522
47.85235757493001
198.06269926735737
61.158895510204665
207.27491783793212
77.02438304841675
210.34565736145706
95.44882018956628
213.41639688498196
113.36146741012831
214.43997672615694
132.29769447186533
73.69774856459809
149.69855177183987
82.39817721458536
156.8636106600647
94.16934538809755
156.3518207394772
104.91693372043478
153.28108121595227
116.17631197335949
147.13960216890243
136.13611887627147
147.13960216890243
149.95444673213362
153.79287113653976
164.28456450858323
156.8636106600647
179.12647220562036
156.3518207394772
192.43301014089502
149.69855177183987
124.87674062334676
135.88022391597772
123.85316078217178
124.10905574246553
121.80600109982184
112.33788756895333
120.78242125864686
100.56671939544114
111.5702026880721
92.88987058662885
116.68810189394698
89.81913106310392
123.34137086158431
86.748391539579
131.0182196703966
89.81913106310392
138.6950684792089
92.37808066604136
85.98070665869777
135.36843399539023
93.14576554692259
139.46275336009015
102.35798411749735
139.46275336009015
110.54662284689714
133.3212743130403
101.33440427632237
131.78590455127784
92.6339756263351
131.78590455127784
148.41907697037115
133.3212743130403
157.11950562035844
138.95096343950266
166.84351411152068
139.46275336009015
175.03215284092047
134.85664407480274
167.35530403210817
131.78590455127784
157.6312955409459
131.78590455127784
101.33440427632237
74.46543344547932
111.05841276748463
76.00080320724177
119.7588414174719
77.53617296900424
125.90032046452174
76.51259312782926
133.06537935274656
77.53617296900424
144.83654752625876
76.00080320724177
159.67845522329586
74.97722336606681
146.3719172880212
62.694265271967126
134.0889591939215
58.088155986679745
126.41211038510922
57.576366066092255
119.24705149688441
58.599945907267234
111.05841276748463
62.694265271967126
106.45230348219724
72.41827376312938
119.7588414174719
71.3946939219544
125.90032046452174
70.88290400136691
133.06537935274656
71.3946939219544
154.560556017421
73.44185360430434
133.57716927333405
69.34753423960446
126.41211038510922
68.83574431901697
119.7588414174719
69.85932416019193
