69.41191801311332
139.0908049416617
69.41191801311332
122.00479435381843
72.08160716746383
105.45272159684524
75.81917198355455
88.36671100900196
80.62461246138548
70.74676259028858
89.16761775530712
54.1946898333154
101.44818786531947
40.31230623069274
116.93238496055244
28.03173612068038
135.08627121013592
24.294171304589664
153.7740952905895
25.895984797199972
169.7922302166926
36.040803583731915
182.07280032670494
49.38924935548448
191.6836812823668
64.87344645071745
197.55699742193792
81.95945703856073
200.76062440715853
100.64728111901432
202.89637573063894
119.3351051994679
203.43031356150905
139.0908049416617
76.35310981442466
146.03199674297304
86.4979286009566
153.50712637515446
100.38031220357927
156.17681552950498
114.26269580620193
154.04106420602457
127.0772037470844
148.70168589732356
150.5704683053689
150.30349938993385
161.78316275364105
155.10893986776478
174.0637328636534
156.17681552950498
185.27642731192557
154.57500203689466
194.3533704367173
147.63381023558333
138.28989819535656
140.692618434272
138.28989819535656
124.14054567729883
138.28989819535656
107.05453508945556
138.28989819535656
90.50246233248237
122.80570110012357
88.90064883987206
129.2129550705648
84.62914619291125
136.68808470274624
80.89158137682053
144.16321433492766
83.56127053117103
150.5704683053689
87.29883534726176
93.43912040226793
142.82836975775243
100.38031220357927
147.63381023558333
109.9911931592411
147.09987240471324
117.46632279142254
140.1586806034019
108.9233174975009
138.0229292799215
99.31243654183906
138.5568671107916
156.44378444494004
139.0908049416617
163.91891407712146
146.56593457384312
173.5297950327833
146.56593457384312
179.93704900322453
140.692618434272
173.5297950327833
136.9550536181813
164.45285190799157
136.9550536181813
111.59300665185143
70.74676259028858
120.66994977664316
69.67888692854838
128.6790172396947
68.61101126680818
135.08627121013592
65.94132211245766
141.49352518057717
66.47525994332776
149.5025926436287
65.94132211245766
160.18134926103076
67.00919777419786
148.9686548127586
61.135881634626735
140.42564951883696
60.60194380375663
133.48445771752563
60.60194380375663
127.0772037470844
62.20375729636694
119.60207411490296
63.80557078897725
114.79663363707203
69.14494909767828
128.14507940882459
62.73769512723704
135.08627121013592
60.60194380375663
141.49352518057717
61.135881634626735
156.44378444494004
65.94132211245766
140.42564951883696
68.61101126680818
134.01839554839572
68.61101126680818
127.6111415779545
69.67888692854838
