50.15946336619646
114.68498662853656
54.05534401599813
97.64050878565428
58.438209747025006
81.5700011052224
62.33409039682667
65.01250834356532
67.69092629030396
49.42898574435865
77.43062791480813
36.76737363250323
91.55319527033917
28.48862725167469
108.11068803199626
23.131791358197397
125.15516587487855
21.670836114521773
140.73868847408522
24.105761520647814
155.34824091084147
29.949582495350313
167.52286794147167
38.22832887617886
175.80161432230022
49.915970825583855
180.1844800533271
65.01250834356532
182.61940545945313
81.08301602399719
185.5413159468044
97.15352370442906
188.46322643415564
114.19800154731136
66.22997104662834
140.0082108522474
74.99570250868209
149.74791247675157
87.6573146205375
155.10474837022886
101.29289689484334
154.13077820777843
112.98053884424834
148.77394231430114
137.81677798673397
149.26092739552635
149.01743485491374
154.13077820777843
161.67904696676916
153.64379312655325
172.87970383494897
148.28695723307595
179.21050989087666
139.03424068979697
126.12913603732896
133.6774047963197
127.10310619977938
125.88564349671636
127.59009128100459
118.09388219711303
128.56406144345502
110.3021208975097
116.3894344128248
96.66653862320386
121.7462703063021
95.69256846075344
127.10310619977938
95.20558337952824
131.97295701203146
95.69256846075344
136.35582274305833
96.66653862320386
81.3265085646098
126.85961365916678
89.11826986421313
133.1904197150945
98.8579714887173
133.6774047963197
107.13671786954583
127.34659874039198
98.8579714887173
124.91167333426594
89.11826986421313
123.93770317181553
141.71265863653562
127.34659874039198
150.4783900985894
133.6774047963197
159.73110664186834
132.70343463386928
166.54889777902125
126.37262857794157
159.73110664186834
123.93770317181553
150.4783900985894
124.42468825304073
100.31892673239292
67.44743374969136
109.57164327567187
77.67412045542073
119.79832998140125
82.54397126767282
126.12913603732896
81.5700011052224
132.94692717448189
82.54397126767282
141.22567355531044
77.67412045542073
148.53044977368856
66.47346358724094
141.22567355531044
60.62964261253844
132.94692717448189
58.1947172064124
125.64215095610375
57.70773212518719
118.82435981895084
58.1947172064124
109.08465819444667
60.62964261253844
104.70179246341979
67.93441883091657
119.79832998140125
74.26522488684428
126.12913603732896
74.26522488684428
132.94692717448189
74.26522488684428
144.14758404266166
66.96044866846614
132.45994209325667
65.49949342479053
125.64215095610375
65.01250834356532
119.31134490017605
65.49949342479053
