14.342755740004856
130.60600302640785
14.777384701823184
108.00529701185475
14.777384701823184
85.40459099730164
19.992932243643132
63.23851394456686
33.031801098193
45.8533554718337
50.41695957092616
31.51059973182885
68.23674700547765
19.34098880091564
87.36042132548413
10.213780602730731
103.87632187458063
9.779151640912401
116.48056176731217
16.298586068187337
121.26148034731378
30.64134180819219
125.17314100367874
44.549468586378715
131.69257543095367
59.3268532882019
137.34275193459194
73.23498006638843
142.5582994764119
88.01236476821161
144.73144428550356
103.65900739367146
144.29681532368522
118.43639209549464
59.978796730929396
122.3480527518596
72.14840766184261
128.4328582173162
86.92579236366579
131.90988991186285
101.70317706548897
131.47526095004451
116.04593280549383
127.56360029367954
129.0848016600437
126.25971340822456
134.73497816368197
131.47526095004451
140.81978362913858
135.8215505682278
146.9045890945952
138.8639533009561
151.25087871277847
136.69080849186446
120.39222242367713
113.65547351549303
122.9999961945871
101.05123362276149
126.0423989273154
88.44699373002994
128.65017269822536
75.8427538372984
104.31095083639894
70.62720629547846
113.43815903458386
67.58480356275015
122.56536723276876
65.41165875365851
129.95405958368036
68.88869044820514
135.1696071255003
74.10423799002508
74.32155247093425
112.78621559185636
83.01413170730083
115.39398936276633
91.27208198184908
117.13250521003965
96.48762952366903
113.65547351549303
89.9681950963941
110.17844182094639
82.5795027454825
109.74381285912806
125.60776996549707
118.43639209549464
131.25794646913533
122.78268171367793
136.9081229727736
124.52119756095125
140.38515466732025
122.78268171367793
137.34275193459194
118.43639209549464
131.69257543095367
117.56713417185799
84.75264755457415
51.06890301365365
97.35688744730568
53.676676784563625
109.96112734003722
55.84982159365527
116.04593280549383
54.98056367001861
119.95759346185879
57.58833744092858
124.30388308004208
58.02296640274692
123.43462515640542
54.545934708200285
122.13073827095043
48.46112924274368
118.6537065764038
42.37632377728708
114.30741695822051
39.7685500063771
107.78798253094558
39.33392104455877
96.0530005618507
43.68021066274206
89.53356613457576
50.63427405183533
109.09186941640057
50.63427405183533
115.6113038436755
51.50353197547198
119.08833553822214
52.807418860926965
121.69610930913211
54.11130574638196
119.52296450004046
52.37278989910864
115.6113038436755
49.76501612819867
109.5264983782189
48.89575820456201
