50.49359054096583
118.37412499462273
52.399009051945676
100.74900376805918
56.20984607390536
83.6002371692406
59.067973840375124
66.45147057042202
64.78422937331466
49.30270397160343
75.26403118370379
34.53571051150965
89.55467001605261
22.626844817885633
105.75072735938127
13.57610689073138
122.89949395819986
11.194333752006576
139.09555130152853
15.005170773966261
154.33889938936727
24.532263328865476
167.67682896622617
36.44112902248949
177.20392152112538
50.73176785483832
182.9201770540649
67.40417982591194
185.30195019278972
84.55294642473052
186.7310140760246
101.22535839580415
186.7310140760246
117.42141573913281
65.26058400105961
136.47560084893124
73.8349673004689
145.04998414834054
84.791123738603
149.33717579804517
96.69998943222701
147.43175728706532
106.7034366148712
141.7155017541258
139.57190592927347
141.23914712638086
149.09899848417268
146.95540265932038
160.0551549223068
148.38446654255526
170.53495673269592
144.57362952059557
177.68027614887035
136.9519554766762
123.37584858594482
128.85392680501187
123.85220321368978
117.42141573913281
124.32855784143474
105.98890467325376
124.8049124691797
95.03274823511966
110.99062826457585
86.45836493571036
117.6595930530053
84.55294642473052
124.32855784143474
82.17117328600573
130.52116800211923
85.02930105247549
136.23742353505875
86.93471956345533
79.55122283340843
124.09038052756226
87.1728968773278
129.33028143275683
95.27092554899214
129.33028143275683
102.89259959291151
124.09038052756226
95.27092554899214
123.13767127207234
87.1728968773278
123.13767127207234
141.4773244402533
123.61402589981729
149.09899848417268
129.33028143275683
157.19702715583702
128.85392680501187
164.34234657201145
124.09038052756226
157.673381783582
122.66131664432737
149.57535311191765
123.13767127207234
87.64925150507277
67.88053445365689
101.46353570967663
70.73866222012666
114.80146528653553
72.16772610336155
123.85220321368978
70.73866222012666
133.379295768589
72.6440807311065
145.76451608995797
72.16772610336155
157.19702715583702
68.35688908140186
146.7172253454479
54.06625024905304
134.3320050240789
48.34999471611351
124.32855784143474
46.920930832878625
114.80146528653553
47.873640088368546
100.98718108193167
53.11354099356312
91.93644315477741
66.45147057042202
114.80146528653553
66.92782519816697
123.85220321368978
66.45147057042202
133.379295768589
67.40417982591194
152.9098355061324
66.92782519816697
133.85565039633394
55.971668760032884
124.32855784143474
55.01895950454296
114.80146528653553
55.49531413228792
