58.67679935744201
145.1342072602216
60.753854201953224
124.8829225262372
64.90796389097567
104.63163779225277
69.06207357999811
85.41888048052398
77.370292958043
67.2446505910508
89.31335831398252
51.66673925721663
103.33347851443327
38.16588276789369
118.39212613713963
26.22281741195417
134.4893011821016
23.10723514518734
149.54794880480793
27.780608545337586
163.56806900525868
40.76220132353272
176.03039807232602
54.78232152398346
186.4156722948821
69.84096914668982
194.2046279617992
86.4574079027796
198.35873765082164
105.15090150338058
200.43579249533286
123.32513139285378
200.95505620646068
142.01862499345475
69.58133729112592
150.32684437149965
79.96661151368203
156.55800890503332
92.94820429187716
157.59653632728893
106.4490607812001
155.0002177716499
118.39212613713963
149.80758066037185
152.66353107157477
150.32684437149965
163.56806900525868
155.5194814827777
174.9918706500704
158.11580003841672
186.93493600600993
158.63506374954454
195.2431553840548
151.88463550488308
136.047092315485
136.3067241710489
136.047092315485
122.80586768172597
136.5663560266128
109.30501119240303
136.5663560266128
95.80415470308009
120.46918098165084
91.65004501405764
128.25813664856793
89.05372645841862
136.047092315485
86.4574079027796
143.83604798240208
89.57299016954643
150.58647622706354
92.68857243631325
87.7555671805991
137.3452515933045
96.063786558644
141.49936128232696
106.4490607812001
140.98009757119917
114.75728015924498
133.71040561540988
105.41053335894449
132.67187819315427
95.54452284751619
133.19114190428206
154.2213222049582
134.22966932653767
162.52954158300307
141.49936128232696
171.87628838330357
142.53788870458257
179.66524405022065
138.38377901556012
173.43407951668698
134.22966932653767
164.0873327163865
133.19114190428206
100.73715995879424
77.6299248136069
114.23801644811718
79.70697965811812
126.70034551518451
80.74550708037373
134.4893011821016
79.18771594699032
142.27825684901867
80.74550708037373
153.1827947827026
80.74550708037373
164.6065964275143
78.66845223586252
154.2213222049582
63.60980461315616
143.3167842712743
55.820848946239074
134.4893011821016
54.263057812855656
126.1810818040567
55.30158523511127
113.71875273698937
63.09054090202835
104.89126964781669
76.5913973913513
126.70034551518451
75.55286996909568
134.4893011821016
75.03360625796788
142.27825684901867
76.07213368022349
160.45248673849184
77.1106611024791
142.79752056014647
66.20612316879519
134.4893011821016
64.12906832428396
126.70034551518451
65.16759574653958
