58.47988875958855
129.70539430011306
59.979373086757484
110.71192615597319
61.97868552298273
92.21828612088963
63.47816985015167
72.72498986769345
69.47610715882742
54.7311779416662
79.47266933995367
39.23650656092052
93.46785639353041
26.240975725456398
109.96218399238872
17.74389787149909
128.4558240274723
14.744929217161214
146.94946406255585
18.2437259805554
161.9443073342452
26.74080383451271
174.440010060653
38.73667845186421
183.43691602366664
53.23169361449727
187.93536900517344
70.7256774314682
189.43485333234239
89.71914557560807
189.9346814413987
107.71295750163532
189.9346814413987
125.70676942766256
70.97559148599636
141.20144080840825
79.97249744900998
150.69817488047818
93.46785639353041
152.69748731670342
106.46338722899453
150.19834677142185
118.95908995540235
145.20006568085873
140.95152675388007
145.20006568085873
151.94774515311894
149.69851866236556
164.44344787952676
151.6978310985908
176.43932249687828
148.69886244425294
184.43657224177926
140.20178459029563
129.4554802455849
134.20384728161986
129.4554802455849
122.70780077332469
129.4554802455849
111.71158237408581
129.4554802455849
100.21553586579063
112.46132453767028
93.71777044805857
120.45857428257128
91.71845801183332
128.95565213652858
89.21931746655176
136.9529018814296
91.21862990277701
144.95015162633058
93.21794233900225
84.9707785395731
132.20453484539462
92.9680282844741
136.20315971784512
101.96493424748772
135.7033316087888
109.96218399238872
129.70539430011306
100.9652780293751
129.70539430011306
92.46820017541779
129.70539430011306
147.44929217161214
128.70573808200044
155.44654191651316
134.20384728161986
163.94361977047046
134.20384728161986
171.44104140631515
129.70539430011306
164.44344787952676
128.2059099729441
155.94637002556945
128.2059099729441
93.46785639353041
75.22413041297501
105.46373101088192
80.22241150353814
118.95908995540235
82.22172393976338
128.4558240274723
80.72223961259445
138.4523862085985
81.72189583070707
151.44791704406265
79.2227552854255
163.44379166141414
74.22447419486238
152.44757326217527
57.730146596004076
139.45204242671116
50.232724960159395
128.4558240274723
49.23306874204677
117.95943373728971
50.732553069215705
104.46407479276928
58.7298028141167
97.96630937503723
74.22447419486238
118.45926184634602
74.7243023039187
128.4558240274723
74.22447419486238
138.4523862085985
74.7243023039187
159.44516678896363
73.22481797674976
138.95221431765484
61.228943359398265
128.4558240274723
60.22928714128564
118.45926184634602
61.728771468454575
