63.93393300174634
130.08096368432237
64.42573248637515
112.37618223768492
66.88472990951925
95.16320027567629
70.32732630192098
77.95021831366765
75.73712063283797
61.22903583628784
84.09771187152788
45.983251812794485
94.91730053336187
32.7046657278164
107.70408713371114
21.8850770659824
122.9498711572045
17.45888170432304
140.16285311921314
19.917879127467128
156.88403559659295
28.278470366157034
172.6216191047151
39.58985851261985
185.40840570506438
52.868444597597936
193.7689969437543
69.09782759034893
198.68699179004247
87.78620800624401
203.11318715170182
106.47458842213909
206.06398405947473
126.14656780729182
68.85192784803452
146.31034667707337
77.21251908672443
154.17913843113445
88.52390723318724
155.16273740039207
100.32709486427888
152.21194049261916
111.14668352611287
146.80214616170218
135.24485827292494
146.80214616170218
148.03164487327422
153.19553946187682
161.80203044288112
155.6545368850209
175.57241601248802
153.19553946187682
186.392004674322
145.81854719244453
122.45807167257568
132.53996110746644
121.47447270331804
121.22857296100364
120.49087373406041
109.91718481454082
119.50727476480277
98.11399718344919
110.16308455685524
89.75340594475928
115.57287888777223
87.78620800624401
121.47447270331804
85.32721058309993
127.86786600349268
87.78620800624401
134.75305878829613
89.75340594475928
82.62231341764142
130.57276316895118
89.9993056870737
135.49075801523935
99.34349589502123
134.50715904598172
107.21228764908233
127.62196626117827
98.35989692576359
126.14656780729182
89.01570671781606
126.14656780729182
144.5890484808725
127.62196626117827
152.45784023493357
134.0153595613529
162.29382992750993
134.0153595613529
170.16262168157104
129.0973647150647
162.78562941213875
125.654768322663
153.44143920419123
125.654768322663
96.88449847187715
71.0650255288642
106.7204881644535
74.50762192126592
116.06467837240105
74.99942140589475
123.44167064183331
73.5240229520083
131.80226188052322
75.49122089052356
143.60544951161486
74.01582243663711
157.37583508122177
70.57322604423538
144.5890484808725
58.27823892851493
132.78586084978085
51.8848456283403
123.93347012646214
50.901246659082666
115.57287888777223
52.376645112969115
106.22868867982469
58.27823892851493
101.80249331816533
69.09782759034893
116.06467837240105
68.60602810572011
123.44167064183331
67.62242913646247
131.80226188052322
68.60602810572011
152.94963971956238
69.09782759034893
132.29406136515203
61.22903583628784
123.93347012646214
60.73723635165902
116.06467837240105
62.21263480554548
