73.91830538055446
122.63718847228353
72.47833839262158
109.19749658490998
73.91830538055446
94.31783770960358
77.27822835239785
80.3981568262524
80.1581623282636
65.518497950946
83.51808530010697
49.678861083684325
90.23793124379375
35.75918020033316
100.3177001593239
25.19942228882538
115.67734803060794
21.839499316982
134.876907869713
23.279466304914877
155.51643469675093
29.51932325262402
175.1959835318336
38.63911417619892
191.03562039909528
51.59881706759483
201.59537831060305
68.39843192681175
206.87525726635695
87.11800276993918
209.7551912422227
105.83757361306661
211.19515823015558
125.03713345217166
77.75821734837547
144.71668228725434
83.51808530010697
150.47655023898585
91.19790923574901
151.43652823094112
99.83771116334627
150.47655023898585
107.5175350989883
146.15664927518722
131.99697389384724
148.07660525909773
143.03672080133265
153.83647321082924
155.51643469675093
155.27644019876212
167.03617060021395
152.39650622289636
178.07591750769936
147.11662726714246
118.07729301049608
130.31701240792555
116.6373260225632
120.71723248837303
114.71737003865269
110.15747457686524
112.79741405474219
100.07770566133509
106.55755710703305
88.07798076189444
110.87745807083168
85.6780357820063
115.67734803060794
84.23806879407343
122.39719397429471
86.15802477798393
128.63705092200385
88.55796975787206
85.43804128401749
125.51712244814928
90.71792023977137
132.23696839183606
99.35772216736865
131.75697939585842
107.03754610301067
124.55714445619404
98.3977441754134
122.63718847228353
90.23793124379375
122.63718847228353
140.6367758214445
126.47710044010454
148.31659975708655
134.63691337172418
157.43639068066145
135.1169023677018
166.0761926082587
129.3570344159703
158.3963686726167
125.99711144412692
149.2765777490418
125.51712244814928
97.43776618345815
59.75862999921448
103.19763413518966
68.87842092278937
110.87745807083168
73.67831088256564
117.11731501854082
72.71833289061038
123.35717196624996
74.6382888745209
134.39691887373536
70.79837690669989
146.39664377317604
61.67858598312498
134.39691887373536
54.95874003943821
123.8371609622276
52.07880606357246
117.11731501854082
51.59881706759483
110.39746907485406
51.59881706759483
103.19763413518966
53.518773051505335
101.75766714725678
60.71860799116973
111.35744706680931
64.55851995899074
117.11731501854082
65.03850895496836
123.8371609622276
65.518497950946
141.59675381339977
61.67858598312498
123.35717196624996
62.15857497910261
117.11731501854082
61.67858598312498
110.87745807083168
61.67858598312498
