64.82079986663977
128.904999734795
65.31186653229614
111.71766643682234
67.27613319492158
94.53033313884967
70.22253318885976
77.342999840877
75.13319984542338
61.13779987421706
83.9723998272379
45.91473323886984
94.77586647167786
32.65593326614807
108.03466644439962
21.361399956051745
123.7487997454032
17.43286663080085
140.93613304337586
19.88819995908266
158.6145330070049
28.727399940897172
174.32866630800848
40.0219332509935
187.58746628073027
53.77179988937163
195.9355995968884
69.97699985603157
200.84626625345203
87.6553998196606
204.28373291304655
106.31593311460236
206.247999575672
124.97646640954412
70.22253318885976
146.58339969842405
78.07959983936155
153.94939968326946
89.37413314945788
155.42259968023856
101.15973312521055
151.985133020644
111.47213310399415
146.09233303276767
136.02546638681224
146.09233303276767
148.79319969387765
152.4761996863004
162.05199966659944
154.9315330145822
175.80186630497758
151.985133020644
186.60533294941754
144.12806637014222
123.25773307974684
131.85139972873318
122.27559974843412
120.55686641863686
121.2934664171214
109.26233310854053
119.82026642015231
97.47673313278784
110.48999977268143
89.12859981662969
115.89173309490141
87.16433315400424
121.78453308277776
85.20006649137879
128.16839973631045
87.16433315400424
134.55226638984317
88.63753315097333
83.48133316158153
130.86926639742046
90.84733314642696
135.2888663883277
100.17759979389783
134.30673305701498
107.54359977874326
127.43179973782591
99.1954664625851
126.4496664065132
89.86519981511424
126.4496664065132
145.35573303428313
126.4496664065132
153.21279968478493
132.8335330600459
162.5430663322558
132.8335330600459
170.40013298275758
127.92286640348227
163.03413299791217
124.48539974388775
154.19493301609765
124.97646640954412
97.23119979995965
70.95913318734429
106.56146644743053
73.90553318128246
115.89173309490141
74.88766651259519
123.25773307974684
73.4144665156261
132.09693306156134
74.39659984693883
144.3735997029704
72.92339984996974
157.63239967569217
69.97699985603157
144.86466636862676
57.700333214622525
132.58799972721772
51.80753322674618
123.25773307974684
50.825399895433456
115.40066642924505
52.29859989240254
106.07039978177417
58.19139988027889
101.65079979086691
68.99486652471884
115.89173309490141
68.01273319340612
123.25773307974684
67.0305998620934
132.09693306156134
68.01273319340612
153.21279968478493
68.50379985906248
132.09693306156134
61.13779987421706
123.25773307974684
60.6467332085607
115.89173309490141
61.62886653987342
