25.30490257498188
112.74237843674963
26.208649095516947
93.31182824524569
27.56426887631955
73.88127805374174
32.08300147899489
55.354474382772864
42.47608646514816
40.44265679394426
59.1953970950469
29.59769854752345
79.07782054681837
21.012106602440312
99.41211725885739
14.234007698427307
117.93892092982627
12.426514657357174
132.85073851865488
16.493373999764977
142.34007698427308
27.790205506453315
150.47379566908867
40.89453005421179
156.80002131283416
53.998854601970265
159.51126087443936
68.91067219079888
161.3187539155095
83.82248977962747
160.86688065524197
98.73430736845609
158.6075143539043
113.19425169701717
54.676664492371565
129.00981580638083
65.06974947852484
140.3066473130692
80.88531358788852
145.72912643627959
96.70087769725218
145.27725317601204
112.51644180661586
140.3066473130692
133.75448503918994
138.0472810117315
142.34007698427308
142.11414035413932
152.28128871015883
142.11414035413932
160.41500739497442
138.49915427199903
163.12624695657962
129.46168906664838
122.90952679276914
123.1354634229029
125.1688930941068
113.19425169701717
127.880132655712
103.70491323139896
130.5913722173172
93.31182824524569
111.16082202581326
81.56312347828981
117.93892092982627
80.65937695775474
125.1688930941068
78.85188391668461
130.13949895704968
80.65937695775474
134.658231559725
82.46686999882488
73.20346816334045
120.4242238612977
81.33718684815605
124.4910832037055
89.92277879323919
124.03920994343797
97.60462421778726
118.61673082022757
89.47090553297166
117.7129842996925
80.88531358788852
118.16485755996003
130.13949895704968
117.7129842996925
138.27321764186527
122.68359016263537
145.95506306641335
122.68359016263537
151.37754218962374
117.7129842996925
145.95506306641335
116.3573645188899
138.27321764186527
116.80923777915743
90.82652531377425
58.5175872046456
104.38272312180025
62.5844465470534
116.58330114902367
65.2956861086586
123.36140005303668
63.48819306758847
128.78387917624707
65.2956861086586
136.01385134052762
62.5844465470534
140.0807106829354
58.06571394437807
135.56197808026008
51.739488300632594
129.23575243651462
49.48012199929493
123.36140005303668
49.48012199929493
115.6795546284886
49.93199525956246
103.93084986153272
52.64323482116766
95.34525791644958
58.06571394437807
115.6795546284886
58.06571394437807
122.90952679276914
57.161967423843
128.33200591597955
58.06571394437807
137.3694711213302
57.613840684110535
129.23575243651462
58.5175872046456
123.81327331330421
57.613840684110535
116.58330114902367
58.06571394437807
