44.096127775310904
139.6377379551512
45.10983186209966
118.8568041759817
48.15094412246593
98.58272244020657
54.74002068659285
78.30864070443144
65.3839135978748
60.5688191856282
80.58947489970613
46.376961970585604
97.822444375115
34.71936497251491
117.08282202410138
25.5960281914161
134.31579149951023
24.582324104627343
148.50764871455283
31.17140066875426
158.64468958244038
44.85640584040247
168.27487840693357
59.04826305544506
177.39821518803237
72.73326822709328
182.97358766537053
88.445681572319
186.0146999257368
104.15809491754473
187.02840401252556
119.36365621937607
186.0146999257368
134.5692175212074
69.43872994502982
146.73366656267248
82.61688307328365
149.77477882303876
95.28818415814311
149.77477882303876
108.46633728639694
146.73366656267248
121.1376383712564
142.1719981721231
149.52135280134158
143.18570225891185
158.64468958244038
148.76107473625
168.27487840693357
152.81589108340503
178.41191927482114
155.8570033437713
187.53525605591994
152.30903904001065
136.34319967308775
131.02125321744677
137.3569037598765
118.34995213258732
138.87745989005964
105.17179900433348
139.8911639768484
92.50049791947403
122.65819450143952
87.93882952892461
130.2609751523552
85.40456931195273
137.86375580327086
82.36345705158647
144.4528323673978
84.89771726855835
150.02820484473597
88.95253361571338
85.65799533364992
131.52810526084116
94.27448007135435
136.08977365139054
104.91837298263628
135.58292160799618
114.0417097637351
127.98014095708051
103.90466889584754
125.952732783503
93.2607759845656
125.952732783503
149.0145007579472
130.51440117405238
157.12413345225724
138.62403386836243
167.26117432014482
139.6377379551512
175.87765905784923
136.08977365139054
169.28858249372232
130.51440117405238
159.15154162583477
129.50069708726363
95.79503620153748
74.25382435727641
113.02800567694635
73.74697231388203
126.71301084859455
73.74697231388203
135.32949558629898
72.73326822709328
141.9185721504259
74.76067640067079
150.53505688813033
76.28123253085393
160.16524571262352
77.80178866103705
152.05561301831347
60.06196714223382
143.43912828060903
51.95233444792377
135.83634762969336
49.924926274346255
126.71301084859455
49.924926274346255
112.01430159015759
56.00715079507879
100.35670459208688
71.71956414030451
127.21986289198894
69.18530392333263
135.83634762969336
69.18530392333263
142.42542419382028
70.70586005351576
155.09672527867974
74.25382435727641
142.93227623721467
62.08937531581133
135.83634762969336
60.06196714223382
126.71301084859455
59.555115098839444
