38.82050613277592
127.45286652025828
38.82050613277592
105.93788721775597
40.691373898210905
83.95519097389491
46.771694135874604
62.90792861275134
58.932334611201995
46.53783566519523
74.36699367604062
34.84491213122658
89.80165274087923
25.490573304051658
106.17174568843535
18.942536125029214
121.60640475327396
18.942536125029214
133.29932828724262
25.022856362692913
140.78279934898254
37.651213779379056
148.73398735208124
50.2795711960652
157.6206092378974
63.375645554110086
165.5717972409961
77.87487073623122
170.24896665458354
93.30952980106983
169.7812497132248
109.2119058072672
166.03951418235482
123.71113098938832
62.20635320071322
137.7426392301507
73.43155979332312
144.7583933505319
87.93078497544425
149.43556276411934
102.89772709892412
148.50012888140185
115.52608451561026
141.95209170237942
143.12138405577628
141.95209170237942
149.66942123479873
148.50012888140185
157.15289229653865
151.77414747091308
164.6363633582786
151.30643052955435
168.37809888914856
144.7583933505319
129.0898758150139
123.24341404802958
131.42846052180764
109.2119058072672
133.76704522860135
94.71268062514606
137.04106381811258
81.14888932574243
112.7197828674578
76.47171991215497
122.07412169463271
73.19770132264375
131.89617746316637
70.85911661585003
140.3150824076238
74.13313520536124
146.86311958664623
78.8103046189487
77.64101226555184
123.24341404802958
87.46306803408551
127.45286652025828
97.75284074397791
126.5174326375408
106.6394626297941
119.5016785171596
96.81740686126042
118.56624463444211
86.05991721000926
119.03396157580086
138.91193158354756
120.90482934123584
147.330836528005
129.32373428569326
156.21745841382116
130.7268851097695
162.29777865148486
126.98514957889954
157.6206092378974
122.30798016531209
148.73398735208124
121.37254628259458
86.52763415136802
65.24651331954507
105.23631180571785
64.31107943682758
121.60640475327396
64.77879637818633
130.0253096977314
63.375645554110086
136.57334687675385
65.71423026090382
144.05681793849377
67.5850980263388
151.07257205887495
71.32683355720877
143.12138405577628
54.48902366829391
135.1701960526776
45.602401782477735
127.68672499093766
43.26381707568401
118.8001031051215
43.26381707568401
102.89772709892412
48.87642037198896
90.26936968223798
64.31107943682758
121.13868781191522
59.63391002324012
129.55759275637266
59.16619308188137
136.57334687675385
61.037060847316354
147.330836528005
68.05281496769754
135.63791299403636
55.892174492370145
128.1544419322964
53.085872844217675
119.73553698783898
53.085872844217675
