46.1884075396935
151.79897983550956
47.22634928215852
130.5211741149766
49.30223276708857
109.24336839444362
53.97297060818117
89.00350441637568
65.39032977529642
71.87746566570281
81.47842678350428
57.346281271192495
97.56652379171211
44.37200949037971
114.69256254238499
34.511562936962
130.78065955059284
33.47362119449698
143.75493133140563
38.14435903558958
152.57743614235832
50.080689073937336
161.39994095331102
63.05496085475012
171.26038750672873
76.0292326355629
180.0828923176814
90.56041703007321
186.82951364370405
106.64851403828106
189.94333887109912
123.25558191772143
190.46230974233163
139.34367892592928
73.1748928437841
149.7230963505795
86.66813549582939
152.31795070674207
100.68034901910718
151.79897983550956
113.65462079991997
149.204125479347
126.62889258073275
144.01441676702188
153.09640701359083
144.5333876382544
162.95685356700855
149.7230963505795
172.81730012042627
152.83692157797458
182.67774667384396
155.43177593413714
190.98128061356414
153.3558924492071
139.60316436154554
131.5591158574416
140.12213523277805
117.02793146293129
141.16007697524307
101.97777619718846
142.1980187177081
87.96556267391065
123.51506735333768
85.88967918898062
130.78065955059284
82.77585396158555
138.56522261908052
79.66202873419049
145.31184394510316
82.77585396158555
150.50155265742828
86.92762093144563
88.22504810952691
135.7108828273017
98.08549466294463
138.82470805469677
107.94594121636234
138.30573718346426
115.2115334136175
131.5591158574416
106.38902860266481
130.00220324374408
96.52858204924709
131.0401449862091
153.61537788482335
133.63499934237166
160.8809700820785
140.90059153962682
170.2224457642637
142.97647502455686
177.48803796151884
140.3816206683943
171.77935837796124
135.1919119560692
162.95685356700855
133.63499934237166
104.31314511773476
73.43437827940035
117.80638776978006
72.91540740816784
128.7047760656628
73.43437827940035
135.97036826291796
71.87746566570281
142.7169895889406
74.47232002186537
148.94464004373074
75.5102617643304
156.2102322409859
75.5102617643304
149.46361091496325
64.61187346844766
143.23596046017312
58.90319388489003
135.97036826291796
56.827310399959984
128.1858051944303
56.827310399959984
116.76844602731504
60.979077369820075
108.98388295882737
71.3584947944703
128.1858051944303
67.72569869584272
135.45139739168545
68.24466956707523
142.7169895889406
69.80158218077277
152.0584652711258
72.91540740816784
142.7169895889406
69.28261130954026
135.97036826291796
67.20672782461021
128.7047760656628
67.20672782461021
