49.300426874454544
134.12616134961897
52.20045198471657
113.82598557778475
56.06715213173262
93.52580980595053
59.450514760371654
73.22563403411631
66.21724001764973
54.8588083357901
77.81734045869786
39.87534526610294
91.834128491631
27.3085697883008
108.26760411644919
19.09183197589171
124.21774222289037
16.19180686562968
139.68454281095453
19.575169494268714
155.1513433990187
29.24191986180882
169.16813143195185
40.84202030285695
180.284894354623
55.82548337254411
185.60160705677004
73.70897155249331
188.50163216703208
93.52580980595053
191.8849947956711
113.34264805940775
194.78501990593315
133.64282383124197
63.317214907387694
143.3095741987821
74.43397783005882
148.62628690092913
87.96742834461497
149.59296193768316
101.50087885917111
148.14294938255213
114.06765433697325
142.34289916202806
136.7845177006925
144.27624923553608
148.86795566011764
149.10962441930613
161.43473113791978
151.04297449281415
174.00150661572192
150.55963697443715
183.184919464885
144.27624923553608
125.18441725964438
129.29278616584892
125.66775477802138
116.72601068804678
125.66775477802138
104.15923521024465
125.66775477802138
91.5924597324425
112.61764178184224
84.82573447516444
118.4176920023663
82.89238440165641
125.18441725964438
80.47569680977138
131.95114251692246
82.89238440165641
137.7511927374465
85.30907199354144
80.71736556895989
126.8760985739639
88.93410338136897
132.19281127611094
98.60085374890909
131.70947375773395
106.33425404294117
124.45941098207886
97.63417871215508
123.00939842694785
87.96742834461497
123.00939842694785
143.06790543959357
125.42608601883288
150.80130573362567
132.67614879448797
160.46805610116576
133.15948631286497
168.68479391357485
128.3261111290949
161.43473113791978
124.45941098207886
151.76798077037967
123.97607346370187
94.73415360189304
64.5255587033302
106.81759156131817
68.87559636872325
117.9343544839893
70.32560892385428
125.18441725964438
69.35893388710026
131.95114251692246
70.80894644223127
141.61789288446255
69.35893388710026
152.7346558071337
65.97557125846123
142.58456792121657
53.89213329903609
132.43448003529946
48.57542059688903
125.18441725964438
47.60874556013502
117.4510169656123
48.57542059688903
105.85091652456417
52.925458262282085
98.60085374890909
64.0422211849532
117.9343544839893
65.00889622170722
125.18441725964438
65.00889622170722
131.95114251692246
65.49223374008422
148.86795566011764
64.5255587033302
131.95114251692246
56.792158409298125
124.70107974126736
55.82548337254411
117.4510169656123
56.30882089092112
