66.53567327350804
146.53689947141652
67.59179507150023
127.52670710755707
71.81628226346899
108.51651474369764
76.56883035443386
90.0343832788343
83.4336220413831
73.13643451095923
93.4667791223089
57.82266844007246
104.55605800122692
44.62114596517007
117.7575804761293
33.003806187255975
133.07134654701608
29.8354407932794
148.91317351689895
32.47574528825987
165.2830613857779
43.036963268181786
180.0687665576686
55.182363945091986
192.74222813357488
70.49613001597875
201.1912025175124
87.9221396828499
205.94375060847727
106.93233204670935
210.16823780044604
126.47058530956488
211.75242049743431
146.53689947141652
74.45658675844948
156.04199565334625
85.01780473837138
161.3226046433072
97.16320541528158
160.266482845315
108.78054519319568
157.09811745133842
119.86982407211369
151.81750846137746
148.91317351689895
152.34556936037356
161.05857419380914
157.62617835033453
173.20397487071935
161.3226046433072
185.87743644662564
160.79454374431108
196.96671532554365
156.04199565334625
134.65552924400436
138.087925087479
134.12746834500828
125.41446351157269
134.12746834500828
112.7410019356664
134.12746834500828
100.0675403597601
120.92594587010588
93.73080957180696
127.26267665805902
91.61856597582258
134.12746834500828
88.9782614808421
141.5203209309536
91.09050507682649
148.38511261790285
93.20274867281087
89.24229193034014
139.67210778446727
97.69126631427768
144.95271677442824
107.72442339520349
143.89659497643603
116.17339777914103
135.9756814914946
106.6683015972113
134.3914987945063
96.63514451628548
134.9195596935024
155.2499043048521
135.9756814914946
163.17081778979352
143.89659497643603
173.73203576971542
144.42465587543214
181.65294925465687
139.14404688547117
174.78815756770763
134.9195596935024
164.75500048678182
134.3914987945063
106.14024069821521
76.3047999049358
116.17339777914103
80.00122619790848
126.20655486006683
81.58540889489676
133.07134654701608
79.47316529891238
140.46419913296143
81.05734799590067
151.02541711288333
78.94510439991629
161.58663509280524
75.24867810694361
151.02541711288333
62.57521653103732
140.46419913296143
56.238485743084176
132.0152247490239
55.182363945091986
124.09431126408245
56.238485743084176
114.58921508215273
62.57521653103732
110.36472789018397
74.72061720794753
125.67849396107074
74.72061720794753
133.07134654701608
73.66449540995534
140.9922600319575
74.72061720794753
156.83408700184037
74.19255630895142
140.46419913296143
68.38388641999437
132.54328564801997
67.32776462200218
125.15043306207464
68.38388641999437
