61.29930509311853
138.17061107682764
61.793654327740455
119.87968939581647
63.77105126622815
101.09441848018338
66.73714667395969
83.29784603379413
72.66933748942277
65.50127358740488
82.06197294723933
48.693399610259476
93.92635457816549
34.35727180622369
107.76813314757935
22.987239409919447
124.57600712472475
18.043747063700213
142.86692880573594
19.52679476756598
160.66350125212517
27.930731756138684
176.97702599464864
40.28946262168677
190.8188045640625
55.119939660344485
199.22274155263523
72.91651210673373
204.66058313347636
92.19613225698876
208.12102777582984
112.46445087648762
210.09842471431753
134.7101664344742
69.20889284706931
143.6084526576688
78.10717907026392
149.04629423850997
89.47721146656818
148.55194500388805
100.84724386287242
145.5858495961565
111.72292702455474
141.1367064845592
136.93473799027285
141.1367064845592
149.29346885582092
145.5858495961565
163.13524742523478
147.5632465346442
176.97702599464864
146.08019883077844
188.3470583909529
139.1593095460715
122.59861018623705
130.26102332287687
121.60991171699321
117.40794322270686
121.11556248237129
105.04921235715877
120.12686401312745
92.19613225698876
108.75683161682319
86.7582906761476
114.68902243228628
84.28654450303797
121.60991171699321
81.81479832992837
130.01384870556592
84.28654450303797
138.41778569413862
86.7582906761476
82.55632218186125
132.23842026136458
90.46590993581202
136.19321413833995
99.85854539362857
135.69886490371803
108.26248238220127
128.7779756190111
98.86984692438472
128.28362638438918
89.47721146656818
128.7779756190111
144.84432574422362
128.28362638438918
153.24826273279632
134.7101664344742
162.64089819061286
134.21581719985227
172.03353364842943
129.76667408825494
163.13524742523478
127.29492791514534
153.24826273279632
127.29492791514534
95.90375151665319
70.93911516824603
104.8020377398478
73.41086134135566
115.67772090153012
74.89390904522143
124.08165789010283
72.91651210673373
132.97994411329745
74.89390904522143
146.3273734480894
74.3995598105995
159.1804535482594
71.92781363748989
146.8217226827113
57.5916858334541
133.47429334791937
50.67079654874717
124.08165789010283
49.68209807950333
115.1833716669082
50.67079654874717
104.8020377398478
58.08603506807602
99.36419615900665
69.95041669900219
115.67772090153012
69.45606746438027
124.08165789010283
67.9730197605145
132.97994411329745
69.45606746438027
155.72000890590593
70.44476593362411
132.97994411329745
59.569082771941794
124.08165789010283
58.58038430269795
115.67772090153012
60.06343200656372
