53.32522080574959
131.58491985863208
53.32522080574959
111.83483807872483
56.287733072735676
91.5910042543199
61.71900556221017
72.828426563408
70.60654236316844
55.54710500598915
81.96283938661512
39.74703958206335
94.30664049905714
25.921982336128274
109.61295387848527
15.553189401676963
125.41301930241107
13.084429179188557
139.23807654834616
19.996957802156096
150.59437357179283
33.32826300359349
160.46941446174645
47.15332024952857
168.86319921820703
61.96588158445901
174.78822375217922
78.2596990528825
179.72574419715602
95.04726856580366
181.70075237514675
111.83483807872483
181.20700033064907
128.12865554714833
67.64403009618235
144.91622506006948
78.50657507513134
151.33500163853935
92.8253843655641
152.8162577720324
106.1566895670015
150.347497549544
118.99424272394121
144.4224730155718
144.66934903782064
143.9287209710741
155.53189401676963
148.37248937155326
165.90068695122093
150.84124959404167
175.7757278411746
150.347497549544
182.19450441964443
144.4224730155718
132.81929996987628
132.07867190312976
133.31305201437397
119.73487079068774
134.30055610336933
107.88482172274338
135.2880601923647
95.54102061030135
118.99424272394121
87.14723585384077
125.90677134690876
84.67847563135236
132.3255479253786
82.70346745336163
138.74432450384847
84.67847563135236
144.17559699332296
87.14723585384077
82.95034347561047
132.07867190312976
92.33163232106642
136.5224403036089
102.20667321102005
136.02868825911122
110.60045796748064
129.60991168064137
101.71292116652236
128.12865554714833
91.34412823207106
128.12865554714833
146.64435721581137
129.1161596361437
155.03814197227194
135.53493621461354
164.4194308177279
135.53493621461354
170.83820739619776
131.58491985863208
164.9131828622256
127.63490350265064
156.0256460612673
127.63490350265064
103.19417730001541
61.47212953996133
115.04422636795977
68.38465816292887
125.90677134690876
71.34717042991495
132.3255479253786
69.86591429642192
139.23807654834616
71.34717042991495
146.64435721581137
69.37216225192424
152.56938174978356
64.43464180694743
146.64435721581137
54.559600916993794
139.23807654834616
49.1283284275193
131.33804383638324
47.64707229402625
124.42551521341571
47.64707229402625
114.0567222789644
51.10333660551002
107.63794570049454
61.47212953996133
125.41301930241107
64.43464180694743
131.83179588088092
64.43464180694743
139.23807654834616
64.92839385144511
149.11311743829978
63.44713771795206
138.74432450384847
59.003369317472924
131.83179588088092
58.015865228477566
124.91926725791339
58.015865228477566
