69.46801520941412
142.25619291045464
71.51119212733806
123.35680641965816
75.08675173370496
104.45741992886167
78.66231134007187
85.55803343806518
83.25945940540075
67.16944117674967
92.4537555360585
51.33482006283911
103.69122858464019
38.054170096333465
115.95029009218386
25.7951085887898
131.27411697661344
22.219548982422896
147.108738090524
25.284314359308816
162.94335920443459
36.01099317840952
177.75639185938317
48.27005468595319
190.01545336692683
63.59388157038278
196.65577835017967
81.98247383169827
200.74213218602756
101.90344878145673
204.82848602187545
121.82442373121519
207.89325139876135
142.76698713993562
75.08675173370496
154.5152544179983
83.25945940540075
160.13399094228916
93.98613822450145
158.09081402436522
103.69122858464019
154.00446018851733
112.88552471529793
148.89651789370745
144.5547669431191
150.42890058215042
156.30303422118178
155.5368428769603
168.05130149924443
158.6016082538462
179.79956877730712
158.09081402436522
190.01545336692683
152.98287172955534
127.69855737024653
134.59427946823985
127.18776314076555
121.31362950173421
126.16617468180358
108.03297953522858
125.65538045232259
94.75232956872293
115.95029009218386
89.13359304443209
121.05823238699372
86.57962189702715
126.67696891128456
84.53644497910321
133.31729389453739
87.09041612650815
139.44682464830922
89.64438727391307
88.87819592969159
136.1266621566828
96.54010937190638
140.72381022201168
106.24519973204512
139.70222176304972
113.39631894477893
132.04030832083492
104.20202281412118
131.01871986187294
95.00772668346342
131.52951409135395
149.66270923792894
132.04030832083492
157.8354169096247
139.1914275335687
167.02971304028247
139.70222176304972
174.69162648249727
134.59427946823985
168.05130149924443
130.50792563239196
158.8570053685867
130.50792563239196
105.73440550256413
68.70182386519264
113.9071131742599
72.78817770104052
122.0798208459557
74.32056038948349
128.72014582920852
72.78817770104052
136.38205927142332
74.83135461896447
146.59794386104303
73.29897193052152
157.32462268014373
70.74500078311658
147.619532320005
58.48593927557292
137.40364773038527
52.35640852180108
129.2309400586895
50.82402583335812
122.0798208459557
51.84561429232009
113.39631894477893
56.95355658712995
110.33155356789301
67.68023540623066
122.0798208459557
70.2342065536356
128.72014582920852
69.72341232415461
136.38205927142332
70.74500078311658
152.72747461481487
69.72341232415461
136.8928535009043
61.55070465245883
129.2309400586895
60.018321964015875
122.0798208459557
61.03991042297785
