59.17273780217543
136.09729694500348
61.23091998659893
116.03002064687443
65.34728435544591
97.506380987063
69.4636487242929
79.49728687335742
76.15274082366925
63.03182939796948
86.95819729189259
48.624554107005025
101.36547258285704
37.30455209267581
117.83093005824499
29.586368901087717
133.78184198752706
27.528186716664223
149.73275391680914
31.130005539405335
164.14002920777358
41.4209164615228
177.51821340652629
52.74091847585201
187.29457878253788
67.14819376681646
192.4400342435966
84.12819678831029
195.012761974126
102.13729090201585
198.10003525076124
119.63183946961554
199.12912634297297
137.6409335833211
68.94910317818703
151.5336633281797
80.26910519251624
157.70820988145016
94.16183493737482
156.67911878923843
107.02547359002165
152.56275442039143
118.86002115045673
146.90275341322683
145.61638954796214
148.96093559765032
158.48002820060898
154.62093660481494
171.34366685325583
158.22275542755605
184.72185105200853
157.70820988145016
195.012761974126
151.5336633281797
132.23820534920944
136.09729694500348
132.23820534920944
122.71911274625079
132.23820534920944
109.85547409360396
132.7527508953153
96.47728989485124
119.37456669656261
89.27365224936902
125.54911324983308
87.21547006494552
132.23820534920944
85.67183342662791
138.41275190247993
87.21547006494552
144.5872984557504
89.27365224936902
84.38546956136322
137.12638803721524
93.64728939126894
142.27184349827397
104.96729140559816
141.7572979521681
113.20002014329214
132.49547812226237
103.42365476728054
130.95184148394475
92.10365275295132
131.46638703005064
150.76184500902087
133.01002366836826
159.5091192928207
142.78638904437983
170.82912130714993
142.78638904437983
179.0618500448439
137.12638803721524
172.37275794546755
131.46638703005064
161.56730147724423
130.95184148394475
108.56911022833927
65.09001158239298
117.31638451213911
72.2936492278752
126.57820434204484
76.41001359672218
132.23820534920944
74.3518314122987
138.9272974485858
75.89546805061632
147.16002618627977
71.77910368176933
155.39275492397374
65.09001158239298
147.67457173238563
57.37182839080487
139.44184299469165
53.255464021957884
132.23820534920944
52.22637292974614
125.54911324983308
53.255464021957884
116.80183896603324
56.857282844699
113.20002014329214
65.09001158239298
126.57820434204484
68.69183040513408
132.23820534920944
68.69183040513408
138.9272974485858
68.69183040513408
150.247299462915
65.09001158239298
138.9272974485858
64.06092049018123
131.72365980310357
63.54637494407535
126.06365879593896
64.06092049018123
