37.23062438208916
127.74757991104343
37.69600718686527
107.27073650089439
40.02292121074585
86.79389309074536
45.14213206328311
66.78243248537242
54.91517096358151
49.097885903880076
69.34203791164106
33.274870541492184
85.16505327402895
19.313386398208753
102.8495998555213
8.609581888358118
120.99952924178977
6.748050669253661
136.35716179940155
12.332644326567035
146.13020069969994
29.086425298507155
154.50709118567002
45.37482346567116
163.34936447641618
61.663221632835175
169.8647237432818
77.95161979999918
173.5877861814907
94.7054007719393
174.51855179104294
111.92456454865554
173.5877861814907
128.67834552059566
61.43053023044711
133.3321735683568
72.59971754507386
137.98600161611796
84.23428766447672
137.98600161611796
96.3342405886557
136.5898532017896
107.96881070805857
131.47064234925236
133.09948216596874
132.40140795880458
143.33790387104327
137.52061881134185
153.5763255761178
141.24368124955075
163.8147472811923
142.63982966387908
171.26087215761012
137.98600161611796
121.930294851342
121.69760344895394
123.32644326567035
108.66688491522274
124.72259167999869
95.17078357671542
126.58412289910315
82.1400650429842
107.50342790328244
76.09008858089472
115.88031838925251
73.76317455701415
124.72259167999869
71.43626053313358
132.1687165564165
74.69394016656638
138.218693018506
78.41700260477529
76.32277998328277
122.16298625373005
84.69967046925284
124.48990027761063
94.00732656477513
125.42066588716285
100.52268583164073
120.3014550346256
93.0765609552229
118.43992381552114
84.23428766447672
118.43992381552114
137.28792740895378
122.16298625373005
144.7340522853716
127.28219710626732
152.64555996656554
128.67834552059566
158.69553642865503
125.88604869193897
153.5763255761178
121.69760344895394
145.66481789492383
121.23222064417783
87.95735010268564
58.870924804178486
102.38421705074519
57.940159194626254
114.48416997492417
58.870924804178486
122.86106046089422
57.47477638985014
129.84180253253595
59.80169041373071
137.7533102137299
61.197838828059055
145.66481789492383
63.99013565671574
138.68407582328211
49.097885903880076
131.2379509468643
42.582526637014475
123.32644326567035
40.72099541791002
114.48416997492417
40.72099541791002
101.91883424596908
45.37482346567116
93.0765609552229
57.00939358507403
114.48416997492417
55.613245170745685
122.86106046089422
55.147862365969566
130.30718533731206
57.00939358507403
141.0109898471627
60.73245602328294
130.30718533731206
52.355565537312884
122.86106046089422
49.563268708656196
114.48416997492417
50.02865151343231
