65.82999256479485
122.2900226842357
63.9079489862607
107.87469584522952
64.86897077552777
92.49834721695628
67.27152524869547
77.12199858868303
70.63510151113024
60.78462817114269
76.40123224673272
45.408279542869444
86.0114501394035
31.47346359849681
98.02422250524197
19.460691232658334
114.84210381741585
14.655582286322941
134.0625396027574
16.097114970223558
151.84144270419836
23.785289284360186
168.6593240163722
33.876018071664504
181.15260727684424
48.29134491067068
187.8797598017138
65.58973711747808
192.20435785341564
83.36864021891903
195.5679341158504
101.14754332035997
197.48997769438455
119.887468211068
69.19356882722963
145.35454562664557
76.40123224673272
151.6011872568816
86.0114501394035
152.56220904614867
96.10217892670782
151.12067636224805
105.23188592474506
146.31556741591265
133.10151781349032
147.27658920517973
144.15326839006173
152.56220904614867
156.64655165053375
154.00374173004928
168.17881312173867
151.6011872568816
178.75005280367654
145.35454562664557
118.20568007985061
130.9392187876394
116.28363650131645
120.36797910570154
114.36159292278231
109.31622852913014
111.95903844961461
98.26447795255874
103.79035324084444
89.61528184915504
108.59546218717983
87.21272737598734
114.84210381741585
84.81017290281964
122.04976723691892
86.7322164813538
128.77691976178846
88.65426005988796
80.24531940380102
126.13410984130401
87.45298282330411
130.9392187876394
95.62166803207428
130.45870789300585
103.3098423462109
125.17308805203693
95.14115713744074
124.21206626276985
86.97247192867057
123.73155536813631
139.34815944372633
125.17308805203693
147.99735554713004
130.45870789300585
157.1270625451673
130.45870789300585
164.8152368593039
126.13410984130401
157.60757343980083
123.73155536813631
148.47786644176358
123.73155536813631
89.37502640183827
68.95331337991286
97.54371161060843
74.23893322088179
107.63444039791275
76.64148769404949
116.28363650131645
74.71944411551533
125.4133434993537
75.68046590478241
139.82867033835987
73.27791143161471
154.24399717736605
67.99229159064578
140.78969212762695
52.13543206773899
125.89385439398724
46.36930133213652
116.28363650131645
45.88879043750298
107.15392950327922
47.3303231214036
97.0632007159749
54.53798654090669
93.21911355890659
67.99229159064578
107.63444039791275
71.35586785308055
115.80312560668291
70.39484606381347
125.4133434993537
70.87535695844701
151.36093180956482
67.0312698013787
125.4133434993537
55.018497435540226
116.28363650131645
54.53798654090669
107.63444039791275
55.979519224807305
