64.00857058724144
127.78007239453012
63.53443302733594
110.23698267802692
65.90512082686341
93.1680305214292
70.64649642591833
76.09907836483148
76.81028470468972
59.978401328044754
85.34476078298857
45.280136970974496
95.77578710090941
31.05601017380973
107.62922609854671
17.780158496455954
123.74990313533344
14.46119557711751
140.81885529193116
16.83188337664497
158.83608256833986
27.262909694565796
174.4826220452211
40.064623812014084
187.75847372257488
55.23702572898983
195.81881224096824
72.30597788558755
198.6636376004012
91.74561784171273
200.08605028011766
111.1852577978379
200.08605028011766
131.09903531386857
65.90512082686341
144.84902455112783
73.96545934525678
149.59040015018277
83.44821054336661
148.16798747046627
92.93096174147645
143.90074943131685
101.46543781977532
138.21109871245096
131.33610409382132
137.26282359263996
143.1895430914586
143.42661187141135
155.51711964900142
146.7455747907498
168.3188337664497
147.2197123506553
179.6981352041815
142.47833675160038
115.68956461694007
125.40938459500266
115.21542705703459
112.13353291764888
114.2671519372236
98.85768124029511
113.7930143773181
85.10769200303584
104.31026317920826
80.36631640398092
109.52577633816868
77.52149104454796
116.16370217684556
75.1508032450205
123.74990313533344
77.99562860445346
130.86196653391582
79.89217884407542
78.2326973844062
127.78007239453012
85.81889834289407
132.04731043367954
95.30164954100391
130.62489775396307
102.88785049949179
123.0386967954752
93.40509930138195
121.61628411575873
83.9223481032721
122.5645592355697
137.0257548126872
122.5645592355697
145.08609333108058
129.6766226341521
155.51711964900142
130.62489775396307
164.05159572730028
126.35765971481365
156.9395323287179
121.14214655585323
146.50850601079705
121.14214655585323
91.98268662166547
65.19391448700516
102.41371293958629
63.771501807288686
111.42232657779064
64.71977692709967
117.58611485656205
62.82322668747771
124.69817825514443
64.71977692709967
137.4998923725927
64.24563936719419
152.19815672966297
65.66805204691066
138.44816749240368
51.443925249745895
125.64645337495541
45.75427453087999
118.06025241646753
44.805999411069
110.94818901788516
45.75427453087999
101.46543781977532
50.9697876898404
97.19819978062588
61.87495156766672
111.42232657779064
57.607713528517294
117.58611485656205
56.65943840870631
125.17231581504991
57.607713528517294
146.50850601079705
62.82322668747771
125.17231581504991
57.1335759686118
117.58611485656205
56.185300848800814
111.42232657779064
57.1335759686118
