39.92474754652219
134.31473711638637
41.403441900097086
113.61301616633783
44.85372872510517
92.91129521628929
49.28981178582986
73.68826861981564
58.16197790727924
55.943936376916895
72.4560233251699
41.156992841167934
90.20035556806864
29.327438012568766
109.42338216454229
20.94817000897769
127.66061252529934
19.469475655402796
142.4475560610483
24.398456833985783
154.27711088964747
36.72090978044324
164.62797136467174
49.53626084475901
171.52854501468792
64.81610249836626
175.9646280754126
81.57463850554842
178.9220167825624
98.33317451273058
180.4007111361373
115.58460863777103
179.41491490042068
132.34314464495318
66.54124591087032
141.70820888426084
77.38500450375288
148.60878253427703
90.69325368592695
151.56617124142682
104.00150286810101
149.59457876999363
117.30975205027507
144.66559759141063
144.9120466503398
144.66559759141063
153.78421277178916
149.59457876999363
163.14927701109684
153.0448655950017
173.00723936826282
153.53776371286003
178.9220167825624
146.63719006284384
131.11089935030742
130.8644502913783
132.58959370388231
118.54199734492082
134.0682880574572
106.71244251632164
135.54698241103213
94.88288768772249
117.80265016813337
87.489415919848
125.19612193600784
85.51782344841482
132.58959370388231
83.05333285912332
138.50437111818192
85.02492533055651
143.4333522967649
87.9823140377063
83.29978191805246
129.3857559378034
91.67904992164354
133.82183899852808
100.55121604309292
133.32894088066976
106.9588915752508
127.90706158422849
99.56541980737632
126.42836723065359
90.69325368592695
126.42836723065359
144.9120466503398
128.3999597020868
152.30551841821426
134.80763523424466
161.17768453966366
136.28632958781958
167.58536007182153
132.34314464495318
162.16348077538024
128.3999597020868
153.78421277178916
127.90706158422849
96.60803110022653
66.78769496979946
109.91628028240059
69.25218555909096
121.25293699314146
70.73087991266586
129.63220499673253
69.25218555909096
137.02567676460703
71.22377803052414
143.4333522967649
70.23798179480755
151.81262030035597
69.25218555909096
144.4191485324815
59.39422320192498
138.0114730003236
56.43683449477519
130.61800123244913
54.958140141200296
121.74583511099976
55.943936376916895
109.91628028240059
59.39422320192498
101.53701227880951
66.29479685194116
121.25293699314146
64.81610249836626
129.63220499673253
64.32320438050797
137.02567676460703
65.30900061622457
147.86943535748958
67.28059308765776
137.51857488246532
65.80189873408287
130.12510311459084
64.81610249836626
121.74583511099976
64.81610249836626
