80.3224966837294
120.9826425205241
78.32690670400942
108.01130765234419
77.82800920907941
93.5432802993743
79.3247016938694
80.0730479362644
82.31808666344938
67.10171306808449
88.80375409753934
56.12596817962458
98.78170399613926
49.14140325060463
109.25855138966918
43.653530806374675
122.72878375277908
39.16345335200471
140.19019607532894
36.66896587735472
161.1438908623888
36.66896587735472
182.09758564944863
40.1612483418647
198.0623054872085
48.14360826074464
208.53915288073844
62.112738118784534
215.52371780975838
78.57635545147441
219.51489776919834
96.03776777402427
222.00938524384833
114.49697508643415
86.80816411781935
151.91428720618387
91.79713906711932
158.8988521352038
100.77729397585925
161.3933396098538
109.75744888459917
159.8966471250638
118.7376037933391
155.40656967069384
144.18137603476893
154.40877468083383
155.15712092322883
158.8988521352038
168.62735328633875
158.39995464027382
181.09979065958865
153.41097969097385
191.07774055818857
144.4308247822339
128.71555369193905
139.44184983293397
126.22106621728905
131.958387408984
123.72657874263908
124.97382247996407
120.2342962781291
117.49036005601413
113.74862884403915
103.02233270304423
118.23870629840911
101.52564021825424
122.72878375277908
100.52784522839424
129.21445118686904
100.52784522839424
136.19901611588898
100.02894773346425
95.78831902655928
136.448464863354
101.27619147078924
142.93413229744394
109.75744888459917
142.43523480251395
116.74201381361912
134.452874883634
108.2607563998092
133.953977388704
100.77729397585925
134.452874883634
150.1681459739289
131.958387408984
157.65160839787882
139.94074732786396
167.13066080154874
138.94295233800395
175.1130207204287
131.45948991405402
166.63176330661875
129.96279742926401
157.15271090294883
130.96059241912403
106.76406391501921
79.0752529464044
111.75303886431917
87.05761286528436
118.23870629840911
90.54989532979432
123.22768124770907
89.05320284500434
128.21665619700903
89.05320284500434
139.19240108546896
83.56533040077437
152.16373595364885
73.58738050217445
138.19460609560898
75.08407298696444
127.21886120714905
76.58076547175443
122.22988625784909
78.07745795654442
117.24091130854912
79.57415044133441
112.25193635924916
80.5719454311944
109.25855138966918
80.0730479362644
118.23870629840911
83.06643290584438
122.72878375277908
82.06863791598438
128.21665619700903
81.0708429261244
147.6736584992789
75.58297048189444
127.71775870207904
83.06643290584438
122.72878375277908
84.06422789570438
117.73980880347912
85.06202288556436
