66.05428920111648
130.89434514485947
67.02567580701525
113.89507954163098
70.91122223061033
96.89581393840248
76.73954186600297
80.38224163812336
85.48202131909191
65.3257492466924
95.68158068102902
52.212030067058976
104.90975343706734
40.069697493324334
115.10931279900444
28.898751525488457
128.70872528158725
25.498898404842755
144.2509109759676
26.955978313690913
161.7358698821455
37.641230978577404
177.27805557652584
51.72633676410959
190.87746805910865
67.75421576143933
200.10564081514696
85.7248679705666
204.96257384464081
105.63829339149142
206.41965375348897
126.52310541831501
206.41965375348897
146.9222241421892
68.4827557158634
147.4079174451386
76.25384856305358
150.8077705657843
85.9677146220413
148.37930405103737
95.19588737807963
143.5223710215435
104.42406013411795
137.69405138615087
129.19441858453663
138.17974468910026
141.33675115827128
144.97945093039166
154.9361636408541
149.83638395988552
169.50696272933567
150.3220772628349
182.6206819089691
145.95083753629044
118.02347261670076
125.55171881241624
118.02347261670076
111.95230632983343
117.53777931375137
97.86720054430124
117.53777931375137
84.26778806171845
107.82391325476365
81.35362824402213
113.1665395872069
77.95377512337643
119.48055252554892
75.03961530568012
126.7659520697897
77.46808182042705
133.5656583110811
79.41085503222459
81.59647489549683
132.35142505370763
88.39618113678823
134.77989156845456
97.13866058987718
133.8085049625558
103.93836683116857
126.52310541831501
95.68158068102902
125.55171881241624
86.93910122794007
127.0087987212644
141.33675115827128
125.55171881241624
148.1364573995627
132.35142505370763
158.3360167614998
133.8085049625558
167.07849621458874
130.89434514485947
159.79309667034795
125.06602550946685
150.07923061136023
124.09463890356808
101.99559361937102
63.86866933784424
108.30960655771304
65.3257492466924
115.10931279900444
66.78282915554055
120.45193913144769
64.35436264079362
126.28025876684032
65.81144254964178
136.9655114317268
62.89728273194547
149.10784400546146
60.46881621719854
137.4512047346762
49.783563552312046
127.25164537273909
46.38371043166635
120.45193913144769
46.38371043166635
114.62361949605506
47.35509703756512
108.30960655771304
52.69772337000836
105.88114004296611
61.925896126046695
115.59500610195383
59.98312291424915
120.93763243439707
58.52604300540099
126.7659520697897
58.52604300540099
144.2509109759676
59.497429611299765
126.28025876684032
58.52604300540099
119.9662458284983
58.04034970245161
114.62361949605506
59.98312291424915
