74.57180650375957
132.37746859224436
73.57084265807153
116.8625289840796
74.57180650375957
102.34855322160291
79.07614380935578
87.33409553628219
84.58144496064006
72.31963785096147
91.58819188045639
58.80662593417282
100.0963845688048
45.29361401738417
108.10409533430918
30.27915633206345
122.61807109678588
24.273373257935162
140.63542031917075
24.273373257935162
160.6546972329317
31.2801201777515
178.67204645531658
42.29072248032003
195.68843183201338
56.3042163199527
207.19951605742594
73.32060169664952
213.70578105439824
93.33987861041048
218.7106002828385
113.35915552417143
221.71349181990263
134.37939628362045
72.06939688953946
151.39578166031725
78.57566188651177
156.4006008887575
87.5843364977042
154.89915512022543
97.09349303174065
151.39578166031725
106.10216764293308
145.38999858618897
132.12722763082235
146.39096243187703
147.64216723898707
150.89529973747324
163.65758876999584
152.39674550600532
179.1725283781606
150.89529973747324
193.18602221779327
144.38903474050093
119.11469763687771
130.87602282371228
117.11276994550161
119.36493859829972
114.10987840843747
107.35337245004315
111.60746879421735
95.34180630178658
105.60168572008907
90.33698707334634
110.10602302568527
86.33313169059414
116.6122880226576
83.83072207637402
125.120480711006
85.83264976775011
134.12915532219844
87.83457745912621
82.57951726926396
134.37939628362045
89.5862641890803
138.88373358921666
100.0963845688048
137.8827697435286
108.10409533430918
129.3745770551802
98.0944568774287
127.87313128664813
88.08481842054822
128.87409513233618
144.63927570192294
127.3726493638041
153.14746839027134
134.87987820646447
164.15807069283986
134.87987820646447
173.66722722687632
128.87409513233618
165.15903453852792
124.36975782673996
154.14843223595938
124.36975782673996
97.59397495458468
78.82590284793378
106.60264956577711
76.82397515655768
114.6103603312815
76.32349323371366
121.61710725109783
74.82204746518158
129.6248180166022
75.82301131086963
144.63927570192294
74.82204746518158
163.15710684715182
75.82301131086963
145.13975762476696
61.30903554839294
130.12529993944625
55.80373439710868
121.1166253282538
55.80373439710868
113.60939648559345
58.3061440113288
106.60264956577711
65.31289093114513
102.59879418302492
75.82301131086963
114.10987840843747
71.81915592811744
121.61710725109783
70.31771015958537
129.6248180166022
70.81819208242939
158.6527695415556
73.82108361949354
129.6248180166022
64.8124090083011
121.61710725109783
64.8124090083011
114.10987840843747
66.8143366996772
