73.12072788604432
130.8608888719207
72.6164470040716
115.73246241273911
74.12928964998976
100.09975507158481
77.65925582379879
84.46704773043051
83.2063455254987
69.33862127124893
91.27483963706221
54.71447569404006
100.8561763945439
41.098891880776634
112.45463667991643
27.48330806751321
127.0787822571253
22.944780129758733
143.72005136222504
24.96190365764961
162.37844399521566
35.047521297104
180.02827486426085
46.64598158247655
195.66098220541514
60.26156539573997
205.74659984486954
76.398553618867
210.78940866459672
95.05694625185761
214.31937483840576
114.21961976682095
217.34506013024208
133.88657416375702
76.14641317788063
148.51071974096587
82.19778376155327
154.05780944266579
91.77912051903493
154.05780944266579
100.8561763945439
152.0406859147749
109.93323227005284
146.99787709504773
141.70292783433416
148.51071974096587
155.31851164759757
154.56209032463852
169.43837634283372
156.5792138525294
183.05396015609716
154.05780944266579
194.148139559497
146.99787709504773
124.05309696528899
131.86945063586614
123.04453520134355
120.27099035049359
121.53169255542538
108.16824918314832
120.01884990950722
95.56122713383033
112.45463667991643
89.5098565501577
116.99316461767091
85.97989037634866
122.0359734373981
83.45848596648507
128.59162490304345
85.97989037634866
135.65155725066154
87.99701390423954
86.73631169930775
132.87801239981158
93.79624404692582
137.41654033756603
103.37758080440749
136.91225945559333
111.446074915971
129.85232710797524
101.86473815848933
127.83520358008438
92.78768228298037
128.3394844620571
147.75429841800678
129.34804622600254
155.8227925295703
136.91225945559333
166.4126910509974
137.41654033756603
174.48118516256093
131.86945063586614
166.91697193297014
127.83520358008438
156.83135429351574
127.83520358008438
102.87329992243477
70.85146391716708
110.43751315202556
72.86858744505795
117.49744549964363
73.87714920900339
124.05309696528899
71.86002568111252
131.11302931290706
73.37286832703067
142.2072087163069
71.86002568111252
155.31851164759757
69.84290215322164
142.7114895982796
60.26156539573997
131.61731019487976
55.7230374579855
124.05309696528899
55.7230374579855
116.99316461767091
56.731599221930935
109.42895138808012
61.27012715968541
107.91610874216197
68.8343403892762
117.49744549964363
66.81721686138532
124.05309696528899
65.80865509743988
131.61731019487976
66.3129359794126
149.77142194589769
68.33005950730349
131.61731019487976
65.80865509743988
124.05309696528899
65.80865509743988
117.49744549964363
66.81721686138532
