93.35889362769615
118.01521681654923
90.9650758423706
106.04612788992151
90.9650758423706
93.5982754062287
93.35889362769615
80.19289580840567
95.27394785595658
66.30875265351752
97.66776564128212
50.98831882743405
101.01911054073787
37.1041756725459
106.76427322551918
24.656323188853083
119.69088926627711
19.38992406113689
138.36266799181632
19.38992406113689
159.4282645026811
24.656323188853083
179.53633389941567
32.795303658959924
196.29305839669445
45.243156142652744
206.82585665212684
61.52111708286643
212.09225577984301
80.67165936547077
215.44360067929878
100.77972876220532
217.83741846462434
120.40903460187477
86.65620382878463
138.1232862132838
88.09249449997995
144.34721245513018
93.35889362769615
145.7835031263255
100.06158342660765
145.3047395692604
105.80674611138896
141.95339466980465
122.56347060866776
141.95339466980465
135.9688502064908
146.26226668339064
151.28928403257427
146.26226668339064
165.1734271874624
140.99586755567444
176.1849889999599
132.37812352850247
112.98819946736559
128.0692515149165
109.63685456790982
118.97274393067944
105.80674611138896
109.87623634644238
101.9766376548681
100.30096520514022
98.14652919834722
88.81063983557762
102.45540121193321
85.45929493612185
107.72180033964939
83.54424070786142
115.38201725269113
84.02300426492653
123.04223416573286
84.98053137905674
92.40136651356592
125.67543372959096
95.75271141302169
130.94183285730716
101.9766376548681
130.46306930024204
107.72180033964939
125.67543372959096
101.9766376548681
123.76037950133052
95.75271141302169
122.8028523872003
137.4051408776861
125.19667017252586
143.62906711953252
130.46306930024204
152.2468111467045
129.98430574317695
160.38579161681133
125.19667017252586
152.2468111467045
123.28161594426541
144.10783067659764
123.76037950133052
101.49787409780298
59.606062854605995
100.54034698367276
65.3512255393873
103.41292832606342
67.74504332471284
108.2005638967145
66.30875265351752
113.9457265814958
67.74504332471284
124.9572883939933
63.91493486819197
139.32019510594654
58.16977218341067
125.91481550812351
53.860900169824696
116.33954436682134
52.90337305569448
110.11561812497493
52.90337305569448
105.32798255432385
53.38213661275959
102.45540121193321
56.25471795515024
103.89169188312853
60.56358996873622
104.37045544019364
61.99988063993154
108.6793274537796
61.52111708286643
114.90325369562602
61.52111708286643
134.53255953529546
58.64853574047578
115.38201725269113
61.042353525801325
109.15809101084471
61.042353525801325
104.84921899725875
62.47864419699665
