55.57673914674676
115.78487322238908
58.01431542511285
99.20935452949969
61.42692221482537
83.60886634795675
64.35201374886466
68.00837816641379
69.71468156127005
53.38292049621728
79.4649866747344
41.19503910438685
93.11541383358448
31.444733990922508
109.20341727080066
24.132005155824253
126.26645121936325
21.694428877458165
142.84196991225264
24.132005155824253
158.9299733494688
31.444733990922508
172.5804005083189
40.707523848713635
182.33070562178324
52.895405240544065
186.7183429228422
68.49589342208702
189.6434344568815
85.0714121149764
192.5685259909208
101.15941555219257
195.00610226928688
118.22244950075518
66.30207477155754
139.1856054947035
73.6148036066558
149.42342586384106
85.31516974281301
154.29857842057325
98.47808164598987
153.81106316490002
109.69093252647387
148.44839535249463
138.9418478668669
148.93591060816786
150.64221400302412
154.29857842057325
163.31761065052777
154.78609367624645
175.50549204235818
150.3984563751875
183.30573613312967
141.13566651739637
125.29142070801682
132.8479071709517
125.77893596369003
123.58511731316055
126.26645121936325
114.80984271104265
126.75396647503646
105.54705285325151
115.05360033887925
92.38414095007465
120.41626815128464
91.40911043872822
126.26645121936325
89.94656467170857
131.62911903176865
91.40911043872822
136.99178684417404
92.38414095007465
81.41504769742727
126.51020884719986
88.72777653252552
132.36039191527846
97.99056639031666
132.8479071709517
106.76584099243456
126.51020884719986
98.47808164598987
124.560147824507
89.21529178819874
124.07263256883377
144.3045156792723
126.99772410287308
152.592275025717
133.3354224266249
161.8550648835081
132.8479071709517
169.6553089742796
126.51020884719986
162.34258013918134
124.07263256883377
153.0797902813902
124.560147824507
97.50305113464344
67.52086291074058
109.20341727080066
73.37104597881918
119.44123763993821
77.27116802420493
125.77893596369003
75.80862225718528
132.60414954311508
77.27116802420493
142.3544546565794
73.8585612344924
153.0797902813902
68.49589342208702
142.84196991225264
61.18316458698876
133.57918005446152
58.258073052949456
126.26645121936325
57.77055779727624
119.44123763993821
57.77055779727624
109.20341727080066
60.20813407564232
102.3782036913756
67.03334765506736
119.44123763993821
68.00837816641379
125.77893596369003
68.49589342208702
132.60414954311508
68.98340867776024
148.20463772465803
68.00837816641379
133.0916647987883
68.00837816641379
125.77893596369003
67.52086291074058
119.92875289561142
67.52086291074058
