68.1810848759137
124.66687417092248
68.1810848759137
109.23903744717559
69.17642918067156
92.81585641867083
72.66013424732408
76.890347542545
79.62754438062913
61.96018297117704
88.58564312344991
49.02070700932481
99.53443047578642
37.07657535223044
111.47856213288078
27.123132304651797
128.8970874661434
24.63477154275714
147.80862925654282
27.123132304651797
165.22715458980545
36.57890319985151
180.65499131355236
47.03001839980908
194.0921394277835
60.46716651404025
202.05489386584642
75.89500323778714
205.04092678012003
94.80654502818656
205.53859893249896
113.71808681858597
206.03627108487788
132.13195645660647
71.16711779018729
144.57376026607977
76.64151146635554
153.03418685652161
86.59495451393418
156.0202197707952
97.5437418662707
155.52254761841627
107.49718491384932
151.5411703993848
135.86449759944847
154.0295311612795
148.8039735613007
160.00159698982665
161.74344952315292
162.48995775172133
175.1805976373841
160.00159698982665
185.63171283734167
151.04349824700589
121.92967733283837
137.6063501327747
121.43200518045943
127.65290708519608
119.93898872332264
117.69946403761743
118.94364441856477
106.75067668528094
107.49718491384932
96.79723363770229
114.46459504715438
95.30421718056549
121.92967733283837
93.8112007234287
130.3901039232802
95.80188933294443
138.85053051372205
97.29490579008122
84.60426590441845
128.64825138995394
91.5716760377235
131.63428430422755
99.53443047578642
133.12730076136432
107.49718491384932
131.1366121518486
99.53443047578642
128.64825138995394
91.5716760377235
127.65290708519608
146.31561279940604
133.62497291374328
154.27836723746896
136.11333367563793
162.7387938279108
136.11333367563793
169.70620396121583
133.62497291374328
163.23646598028972
131.1366121518486
154.77603938984788
131.63428430422755
100.03210262816535
73.40664247589248
107.99485706622826
77.38801969492394
116.4552836566701
79.8763804568186
123.42269378997516
78.3833639996818
130.88777607565913
79.8763804568186
142.8319077327535
78.3833639996818
156.7667279993636
75.39733108540821
144.3249241898903
67.93224879972423
132.38079253279594
65.44388803782957
124.91571024711195
64.94621588545064
116.95295580904904
65.44388803782957
108.49252921860719
67.4345766473453
104.51115199957573
72.90897032351354
116.95295580904904
72.90897032351354
123.92036594235408
72.41129817113462
131.38544822803806
73.40664247589248
151.79000647557427
74.89965893302927
131.38544822803806
74.40198678065035
124.41803809473302
73.40664247589248
116.95295580904904
74.40198678065035
