39.243138497996725
113.18295432653933
39.72171335772839
95.47568451646764
41.63601279665506
77.76841470639594
46.421761393971735
60.53971975605592
56.47183344833675
45.225324244642565
71.30765410001844
33.73952761108255
89.4934987698218
26.08232985537587
107.67934343962516
21.2965812580592
125.38661324969685
20.339431538595864
141.17958362084187
22.253730977522533
152.6653802544019
30.389503592960878
163.67260202823024
39.96100078759422
170.85122492420527
52.88252200034925
174.6798238020586
67.71834265203094
176.59412324098525
83.51131302317596
176.59412324098525
98.82570853458931
175.63697352152192
113.18295432653933
65.08618092350676
135.19739787419604
75.13625297787178
143.81174534936605
87.57919933089514
149.07606880641438
101.45787026311349
149.55464366614606
114.85796633560017
145.24746992856106
137.8295596027202
142.85459562990272
148.3582065168169
146.2046196480244
159.8440031503769
145.7260447882927
168.93692548527858
141.8974459104394
174.2012489423269
133.28309843526935
127.30091268862353
128.01877497822102
128.73663726781854
117.01155320439267
130.6509367067452
106.48290629029599
132.56523614567186
94.99710965673597
114.85796633560017
81.59701358424928
122.51516409130684
80.16128900505429
129.69378698728187
78.72556442585929
135.91526016379353
80.63986386478595
141.17958362084187
83.0327381634443
79.44342671545678
126.10447553929436
87.57919933089514
131.84737385607437
97.15069652552847
131.84737385607437
105.7650440006985
123.71160124063601
96.67212166579681
122.27587666144102
86.62204961143179
122.75445152117268
140.70100876111022
123.71160124063601
148.3582065168169
130.89022413661104
157.45112885171858
130.89022413661104
163.19402716849856
124.66875096009936
157.92970371145023
121.79730180170935
148.83678137654854
122.27587666144102
95.71497194633348
59.582570036592585
110.0722177382835
61.97544433525093
121.55801437184351
63.889743774177596
128.73663726781854
62.45401919498259
134.47953558459852
64.36831863390927
141.65815848057355
63.41116891444593
149.31535623628022
61.01829461578759
141.65815848057355
57.66827059766592
134.9581104443302
55.27539629900758
128.73663726781854
54.31824657954425
121.55801437184351
54.31824657954425
110.0722177382835
55.75397115873925
99.54357082418682
59.582570036592585
121.55801437184351
60.53971975605592
128.73663726781854
60.06114489632426
134.47953558459852
61.01829461578759
145.96533221815855
61.01829461578759
134.9581104443302
61.01829461578759
128.73663726781854
59.582570036592585
121.55801437184351
60.06114489632426
