60.977996061349536
148.27555452524737
63.583893328928575
127.94955583813086
67.75332895705505
108.14473660453017
71.92276458518151
88.86109682444527
79.74045638791863
71.6621748584236
90.6852249117506
55.50561179943355
102.67235234261418
40.39140764747512
116.744197587541
27.88310076309573
133.42194010004684
23.713665134969265
150.0996826125527
28.404280216611536
164.69270731099533
40.912587100990926
178.76455255592214
55.50561179943355
190.75167998678572
71.1409954049078
199.09055124303865
88.33991737092946
202.73880741764933
108.14473660453017
205.34470468522835
127.42837638461506
206.90824304577578
148.27555452524737
69.83804677111827
148.27555452524737
79.74045638791863
155.05088742095288
92.76994272581382
155.05088742095288
104.75707015667741
151.92381069985802
116.22301813402518
146.19083671118415
147.49378534497367
145.66965725766835
159.48091277583725
151.40263124634222
172.51039911373246
154.52970796743708
185.53988545162764
154.52970796743708
195.442295068428
148.27555452524737
132.90076064653104
136.8096065478996
132.90076064653104
122.73776130297279
133.42194010004684
109.18709551156178
133.42194010004684
95.11525026663496
116.744197587541
91.46699409202431
125.08306884379392
88.86109682444527
133.42194010004684
85.73402010335042
142.2819908098156
88.86109682444527
150.0996826125527
91.9881735455401
86.51578928362413
137.85196545493122
95.37583999339286
141.50022162954187
105.27824961019321
141.50022162954187
113.09594141293033
134.72488873383637
104.2358907031616
134.20370928032057
94.33348108636125
134.20370928032057
152.18440042661592
134.72488873383637
161.04445113638468
140.97904217602607
170.4256812996692
140.97904217602607
178.76455255592214
137.33078600141542
171.46804020670083
134.20370928032057
162.08681004341628
134.20370928032057
98.50291671448771
79.47986666116073
111.53240305238292
78.95868720764491
124.56188939027811
78.95868720764491
133.42194010004684
77.39514884709749
142.8031702633314
78.95868720764491
154.79029769419498
79.47986666116073
167.29860457857436
80.52222556819234
155.31147714771078
64.3656625092023
143.3243497168472
55.50561179943355
133.42194010004684
53.942073438886126
123.5195304832465
54.984432345917746
110.49004414535129
63.323303602170675
103.19353179612999
77.39514884709749
124.56188939027811
74.26807212600264
133.42194010004684
73.22571321897102
142.8031702633314
74.78925157951845
162.08681004341628
77.9163283006133
142.8031702633314
66.45038032326552
133.42194010004684
64.3656625092023
124.0407099367623
65.9292008697497
