64.40069089718965
138.48766457159886
67.01860516130304
120.16226472280506
70.16010227823912
102.36044772683394
72.25443368952985
83.51146502521746
78.01384507057932
66.23323088206902
89.0090849798556
50.00216244456594
103.14582200606796
36.91259112399894
119.37689044357104
25.91735121472266
137.70229029236484
22.77585409778658
155.50410728833597
26.96451692036802
170.6880100201937
38.48333968246698
184.30116419358336
51.57291100303398
194.2492383972143
67.28039658771438
198.43790121979572
84.03504787804015
200.53223263108646
101.31328202118858
202.1029811895545
118.06793331151435
203.15014689519984
135.86975030748548
74.87234795364324
148.95932162805246
84.29683930445148
157.33664727321533
96.8628277721958
160.4781443901514
109.42881623994012
157.86023012603803
120.42405614921641
152.10081874498854
146.07961593752773
152.62440159781121
157.59843869962668
157.33664727321533
170.164427167371
157.86023012603803
182.20683278229265
154.71873300910195
192.15490698592356
147.38857306958442
132.99004461696072
139.53483027724423
132.99004461696072
125.92167610385455
133.51362746978342
112.83210478328755
134.0372103226061
99.21895060989786
118.32972473792569
94.50670493449374
125.6598846774432
91.88879067038035
133.51362746978342
89.79445925908962
141.89095311494629
92.41237352320303
149.2211130544638
95.03028778731642
89.0090849798556
139.53483027724423
97.38641062501848
144.77065880547102
106.81090197582672
144.24707595264834
115.18822762098961
135.86975030748548
106.28731912300404
135.86975030748548
96.8628277721958
136.91691601313082
151.8390273185772
135.86975030748548
160.73993581656276
142.6763273941803
169.64084431454833
143.19991024700298
177.49458710688853
137.44049886595351
170.164427167371
135.34616745466278
161.26351866938543
135.34616745466278
98.95715918348652
77.75205364416799
111.52314765123084
80.36996790828138
125.13630182462053
81.41713361392674
134.56079317542876
79.8463850554587
145.55603308470504
82.4642993195721
160.2163529637401
81.94071646674942
171.73517572583904
79.32280220263603
161.26351866938543
64.66248232360098
147.12678164317308
56.2851566784381
136.1315417338968
54.71440811997006
125.6598846774432
55.76157382561542
111.52314765123084
62.568150912310266
103.14582200606796
76.70488793852262
125.13630182462053
77.2284707913453
135.08437602825146
76.18130508569995
145.55603308470504
77.75205364416799
168.0700957560803
78.27563649699066
146.6031987903504
63.61531661795562
135.60795888107413
62.04456805948758
125.13630182462053
63.09173376513294
