70.56999667626424
119.5511456851187
68.71289150057308
104.69430427958939
68.71289150057308
89.83746287406007
71.49854926410983
74.51634517460796
74.28420702764657
58.26667488731028
78.92696996687448
42.481280893935384
87.28394325748472
28.08871578232886
97.96229801770892
16.946084728181873
113.28341571716102
13.231874376799546
132.78302006191825
14.62470325856792
153.21117699452105
21.588847667409784
172.71078133927827
31.338649839788395
189.88900421442153
44.338386069626544
199.63880638680016
61.516608944769814
203.81729303210528
81.48048958344984
205.67439820779643
101.44437022212985
207.06722708956482
122.33680344865544
69.64144408841867
135.8008159724164
74.74848332156937
142.30068408733547
84.03400920002518
142.30068408733547
94.24808766632658
140.4435789116443
103.99788983870519
135.8008159724164
121.17611271384847
137.19364485418475
135.56867782545498
142.76496038125825
150.8897955249071
145.550618144795
165.7466369304364
143.22923667518106
177.81782057242899
134.40798709064802
112.35486312931543
125.58673750611499
110.03348165970148
113.9798301580452
107.24782389616473
101.90864651605264
104.92644242655078
89.83746287406007
96.56946913594054
81.01621328952704
102.14078466301403
77.7662792320675
109.1049290718559
75.90917405637634
117.92617865638893
78.2305555259903
126.74742824092196
80.55193699560425
78.92696996687448
122.80107974257824
85.42683808179356
126.51529009396056
94.24808766632658
126.51529009396056
102.14078466301403
121.87252715473265
93.78381137240379
120.01542197904149
85.42683808179356
120.01542197904149
135.56867782545498
121.87252715473265
143.92565111606524
126.97956638788335
152.74690070059825
126.97956638788335
161.1038739912085
122.80107974257824
153.21117699452105
120.01542197904149
144.38992740998802
120.01542197904149
89.14104843317588
61.05233265084703
96.10519284201774
61.98088523869261
104.92644242655078
63.83799041438377
111.89058683539264
62.4451615326154
119.78328383208009
64.76654300222935
132.78302006191825
63.83799041438377
148.10413776137034
63.83799041438377
133.71157264976384
53.623911948082366
121.17611271384847
48.516872714931665
112.35486312931543
47.588320127086085
104.92644242655078
48.05259642100887
96.56946913594054
52.23108306631399
92.85525878455822
59.19522747515586
104.92644242655078
58.73095118123307
111.89058683539264
58.26667488731028
119.78328383208009
59.19522747515586
143.46137482214243
61.98088523869261
120.71183641992567
58.73095118123307
112.35486312931543
57.33812229946469
104.92644242655078
58.26667488731028
