71.37794646123801
121.72067028985953
69.95984156465713
107.06691969185701
70.90524482904438
92.4131690938545
75.63226115098067
77.759418495852
82.25008400169148
63.1056678978495
89.81331011678955
48.92461893204062
97.84923786408125
36.16167486281263
106.8305688757602
23.871432425778274
119.12081131279456
18.671714471648354
135.66536843957158
19.144416103841984
154.1007320951231
26.234940586746422
171.5906924862874
36.16167486281263
186.71714471648355
49.39732056423425
198.06198388913063
66.4145793232049
204.2071051076478
86.26804787533733
207.0433149008096
106.59421805966339
208.46141979739048
127.39308987618307
70.90524482904438
139.2106306810238
75.63226115098067
142.99224373857282
83.66818889827238
143.46494537076646
92.17681827775769
141.10143720979832
100.2127460250494
137.31982415224928
124.32052926692448
141.10143720979832
137.08347333615248
147.71926006050913
151.26452230196134
150.5554698536709
165.91827289996385
147.71926006050913
177.26311207261097
140.6287355776047
110.61218193330923
125.50228334740855
108.24867377234109
111.79393601379331
105.41246397917931
97.61288704798443
102.57625418601754
83.90453971436918
98.32193949627488
79.65022502462652
102.57625418601754
76.34131359927112
108.72137540453471
73.97780543830297
115.81189988743915
76.34131359927112
122.9024243703436
78.70482176023927
80.35927747291697
126.44768661179582
85.55899542704688
129.7565980371512
94.06762480653221
129.28389640495757
101.15814928943665
122.66607355424678
93.12222154214496
121.2479686576659
85.08629379485326
121.72067028985953
136.61077170395885
123.13877518644041
143.7012961868633
131.1747029337321
153.6280304629295
131.64740456592574
162.60936147460845
127.8657915083767
155.04613535951037
122.66607355424678
145.11940108344416
121.72067028985953
97.37653623188761
60.742159736881355
102.1035525538239
62.16026463346224
107.30327050795383
62.16026463346224
112.03028682989012
60.26945810468772
118.1754080484073
61.687563001268614
129.04754558886077
60.742159736881355
142.75589292247602
59.32405484030046
129.5202472210544
51.28812709300877
119.12081131279456
47.50651403545974
112.50298846208375
47.033812403266104
106.8305688757602
48.92461893204062
102.57625418601754
54.124336886170546
100.68544765724302
59.796756472494096
107.30327050795383
57.90594994371958
112.50298846208375
56.96054667933232
118.64810968060092
56.96054667933232
138.97427986492698
58.37865157591321
118.1754080484073
56.48784504713869
112.03028682989012
56.01514341494506
106.8305688757602
57.90594994371958
