50.65549432651335
115.75017161525714
52.075741830995035
96.81353822216803
54.44282100513117
77.87690482907894
57.75673184892177
59.887103105644286
65.3313852061574
43.31754888669132
77.16678107683809
31.008737181183406
93.26291946096383
22.48725215429331
110.30588951474402
16.806262136366577
128.7691070730059
16.806262136366577
144.86524545713164
18.69992547567549
159.54113633677568
26.27457883291113
172.32336387711084
36.68972719911014
181.79168057365538
50.41878640909974
187.47267059158213
67.46175646287993
189.83974976571827
84.97814235148735
191.25999727019993
103.44135990974922
191.73341310502715
122.37799330283832
66.75163271063909
130.89947832972842
74.32628606787473
141.78804253075467
86.63509777338264
147.9424483835086
100.36415698337224
147.9424483835086
111.7261370192257
143.68170587006358
133.50326542127817
145.10195337454525
144.86524545713164
149.3626958879903
157.17405716263954
149.83611172281752
168.536037198493
145.57536920937247
175.63727472090142
136.58046834765514
123.08811705507917
129.47923082524673
123.5615328899064
118.5906666242205
124.03494872473362
107.70210242319428
124.50836455956085
96.34012238734081
110.30588951474402
84.50472651666013
117.40712703715243
82.61106317735121
124.50836455956085
81.66423150769675
131.60960208196926
83.55789484700567
138.23742376955045
85.92497402114181
80.48069192062869
121.9045774680111
88.05534527786433
127.11215165111061
97.05024613958165
127.58556748593783
104.62489949681729
122.85140913766556
97.05024613958165
120.01091412870218
88.05534527786433
119.53749829387496
139.65767127403214
124.27165664214724
147.705740466095
129.47923082524673
156.2272254929851
129.47923082524673
162.8550471805663
125.21848831180169
156.70064132781232
122.85140913766556
148.17915630092222
122.85140913766556
99.89074114854502
56.09977642702647
109.8324736799168
62.25418227978042
118.35395870680689
65.0946772887438
124.98178039438808
63.67442978426211
132.08301791679648
65.56809312357102
142.02475044816828
63.67442978426211
151.96648297954005
58.940271435989835
142.4981662829955
56.09977642702647
133.50326542127817
55.15294475737201
125.92861206404254
54.67952892254478
119.30079037646135
54.67952892254478
110.30588951474402
54.67952892254478
103.67806782716283
57.04660809668092
118.35395870680689
59.887103105644286
124.98178039438808
59.887103105644286
132.08301791679648
60.833934775298744
148.65257213574947
59.887103105644286
132.55643375162373
61.30735061012597
125.4551962292153
59.887103105644286
118.82737454163411
60.360518940471515
