60.17296818312546
137.79104058740913
61.18427857275782
118.07048798957811
63.712554546838724
98.85559058656325
66.7464857157358
79.64069318354841
73.32000324834615
61.94276136498209
84.44441753430212
46.2674503256805
99.10841818397134
33.62607045527599
114.78372922327293
23.007311364136203
130.45904026257452
19.973380195239123
146.6400064966923
23.007311364136203
161.8096623411777
33.12041526045981
175.46235260121458
45.256139936048136
186.08111169235437
60.42579578053355
192.14897403014854
77.1124172094675
196.19421558867796
95.31600422285
200.23945714720742
114.53090162586484
203.2733883161045
134.25145422369587
69.78041688463288
149.92676526299746
79.38786558614031
155.99462760079163
91.01793506691246
155.48897240597546
102.64800454768461
151.94938604226218
113.26676363882439
146.3871788992842
146.1343513018761
145.37586850965184
157.76442078264827
150.93807565262983
169.3944902634204
153.97200682152692
181.53021493900874
152.45504123707838
191.13766364051617
146.3871788992842
129.44772987294218
133.2401438340635
128.94207467812598
121.61007435329137
128.4364194833098
109.98000487251922
128.4364194833098
98.34993539174707
117.31200519735384
91.27076266432054
122.87421234033182
89.24814188505583
128.4364194833098
86.71986591097493
134.50428182110397
88.74248669023964
140.06648896408194
90.76510746950437
83.93876233948593
133.7457990288797
93.04055584617718
138.8023509770415
103.15365974250079
137.79104058740913
110.73848766474349
129.70055747035025
101.63669415805225
128.6892470807179
91.52359026172864
129.70055747035025
148.15697208114082
129.19490227553408
156.7531103930159
136.7797301977768
166.8662142893395
137.79104058740913
174.4510422115822
132.22883344443116
167.87752467897187
128.6892470807179
157.76442078264827
128.1835918859017
99.61407337878752
72.56152045612188
110.73848766474349
76.10110681983514
121.35724675588328
77.1124172094675
129.44772987294218
75.59545162501895
137.53821299000106
77.1124172094675
149.1682824707732
75.59545162501895
161.30400714636153
71.55021006648951
150.68524805522173
57.89751980645265
138.5495233796334
51.324002273842304
129.95338506775835
50.31269188420994
121.35724675588328
51.324002273842304
109.72717727511113
57.89751980645265
104.16497013213315
71.04455487167334
121.35724675588328
71.55021006648951
129.44772987294218
70.53889967685716
137.53821299000106
71.55021006648951
156.7531103930159
71.04455487167334
138.5495233796334
60.42579578053355
129.95338506775835
59.92014058571737
121.35724675588328
60.931450975349726
