66.06827849985007
118.87284957359385
66.56879576121256
101.85526268726885
68.57086480666257
86.33922758503132
71.57396837483756
69.82215796006882
76.07862372710007
54.3061228578313
84.08689990890008
40.291639539681285
95.59879692023759
28.779742528343778
110.61431476111261
21.271983607906268
127.13138438607511
17.768362778368765
144.14897127240013
19.770431823818768
160.66604089736265
25.776638960168775
174.18000695415017
36.287501448781285
184.69086944276268
49.801467505568795
191.19759384047518
67.31957165325632
195.20173193137518
84.83767580094383
197.70431823818768
101.85526268726885
199.20587002227518
119.87388409631886
75.57810646573758
146.40129894853138
83.58638264753758
152.4075060848814
94.0972451361501
153.4085406076064
105.1086248861251
151.40647156215638
114.1179355906501
145.9007816871689
139.64431592013764
147.40233347125638
150.65569567011264
152.4075060848814
162.16759268145015
154.9100923916939
174.18000695415017
153.9090578689689
184.19035218140016
147.40233347125638
127.13138438607511
133.8883674144689
127.13138438607511
123.87802218721886
126.63086712471262
113.36715969860636
126.63086712471262
102.85629720999384
116.1200046361001
91.84491746001883
121.62569451108762
90.34336567593134
127.13138438607511
88.84181389184383
132.63707426106262
89.84284841456883
138.64328139741264
91.34440019865633
85.58845169298758
130.38474658493138
92.59569335206258
135.89043645991887
102.10552131795009
135.89043645991887
110.1137974997501
128.88319480084388
101.1044867952251
128.38267753948136
92.59569335206258
128.38267753948136
147.65259210193764
129.38371206220637
156.16138554510013
135.89043645991887
165.17069624962517
136.39095372128136
172.67845517006265
131.38578110765638
165.67121351098766
128.88319480084388
157.16242006782514
128.38267753948136
100.6039695338626
70.32267522143131
110.1137974997501
75.32784783505632
119.62362546563762
76.82939961914383
127.13138438607511
74.82733057369381
135.13966056787513
76.32888235778132
146.15104031785015
73.32577878960632
158.16345459055015
67.82008891461881
146.15104031785015
57.8097436873688
135.13966056787513
54.3061228578313
126.63086712471262
53.8056055964688
118.1220736815501
55.307157380556305
109.1127629770251
59.81181273281881
104.6081076247626
69.32164069870632
119.12310820427511
69.32164069870632
127.13138438607511
68.82112343734381
135.13966056787513
68.82112343734381
153.65879923828766
67.31957165325632
135.13966056787513
62.81491630099381
126.63086712471262
62.314399039631304
118.62259094291261
63.31543356235631
