63.79025663251432
123.53411638908557
63.79025663251432
106.87248219402586
66.17049008895142
90.21084799896614
68.55072354538852
74.02526049519386
71.88305038440046
57.839672991421565
79.49979744499919
43.082225561511535
89.97282465332243
29.27687151417635
102.82608531808279
16.89965754070342
120.43981289571734
14.043377392978899
140.433773929789
15.47151746684116
160.90378165514807
24.040357910014727
178.99355592407002
35.46547850091281
191.37076989754297
49.746879239535424
197.55937688427943
67.83665350845739
200.89170372329136
86.8785211599542
203.27193717972847
106.87248219402586
204.2240305623033
126.86644322809751
68.0746768541011
130.67481675839687
73.31119045826273
139.71970389285786
83.78421766658597
142.09993734929495
94.73329156619664
141.14784396672013
105.20631877451989
136.86342374513333
126.15237319116638
138.2915638189956
139.48168054721415
144.00412411444464
153.28703459454934
145.4322641883069
167.09238864188453
142.09993734929495
178.5175092327826
135.43528367127107
114.72725260026829
126.39039653681009
114.25120590898088
115.44132263719942
113.29911252640603
104.01620204630133
112.34701914383119
92.11503476411583
104.25422539194504
82.11805424708
109.49073899610667
80.21386748193032
115.20329929155571
78.30968071678063
121.86795296957959
80.68991417321774
129.0086533388909
82.11805424708
79.49979744499919
124.96225646294783
86.64049781431049
129.2466766845346
95.68538494877149
128.77062999324718
103.30213200937021
123.05806969779815
94.73329156619664
122.1059763152233
85.68840443173565
122.1059763152233
139.00563385592673
124.48620977166041
147.09842760781288
130.67481675839687
156.14331474227387
131.1508634496843
164.23610849416
126.86644322809751
157.0954081248487
124.01016308037299
147.5744742991003
124.01016308037299
92.35305810975954
61.171999830433506
99.96980517035826
63.07618659558319
109.01469230481925
65.45642005202029
116.15539267413055
63.07618659558319
124.72423311730412
65.45642005202029
136.1493537082022
63.07618659558319
148.52656768167515
60.21990644785867
136.62540039948962
52.12711269597252
124.72423311730412
48.31873916567316
116.15539267413055
47.36664578309832
108.53864561353183
48.31873916567316
99.96980517035826
51.175019313397684
96.16143164005891
58.79176637399641
109.49073899610667
57.839672991421565
116.63143936541798
57.839672991421565
124.72423311730412
58.31571968270899
143.76610076880092
58.79176637399641
124.2481864260167
58.31571968270899
116.15539267413055
57.839672991421565
109.01469230481925
58.31571968270899
