54.74019148623789
130.8240356161924
55.24239507785475
112.24250272636851
55.744598669471614
93.66096983654465
57.2512094443222
74.57723335510391
63.7798561353414
57.00010764851377
74.82833515091235
42.43620349162479
90.39664649103504
31.387724476053837
105.96495783115775
21.34365264371661
125.04869431259849
18.33043109401544
144.1324307940392
20.841449052099748
160.70514931739564
29.88111370120325
176.27346065751834
40.9295927167742
188.32634685632303
55.995700465280045
196.86380791380967
73.57282617187019
199.87702946351084
93.15876624492779
200.37923305512768
111.74029913475165
201.3836402383614
130.8240356161924
70.81070641797746
142.3747182233802
79.85037106708096
149.9077720976331
92.40546085750249
150.91217928086684
105.46275423954089
146.89455054793194
117.51564043834557
141.37031104014648
142.12361642757176
139.8637002652959
153.17209544314272
143.8813289982308
164.72277805033053
146.3923469563151
176.27346065751834
146.3923469563151
185.8153288982387
140.36590385691275
129.56852663715023
133.33505357427669
129.56852663715023
122.78877815032261
130.0707302287671
111.74029913475165
130.57293382038395
100.6918201191807
114.00021529702754
93.66096983654465
121.53326917128045
92.15435906169407
129.56852663715023
90.14554469522662
137.10158051140317
91.6521554700772
144.63463438565608
93.15876624492779
85.8768141664833
133.83725716589356
93.40986804073621
136.85047871559473
101.445125506606
136.34827512397786
108.97817938085892
132.33064639104296
100.94292191498914
130.8240356161924
92.90766444911935
131.32623920780927
147.64785593535726
131.32623920780927
154.6787062179933
135.34386794074413
162.71396368386308
134.3394607575104
169.74481396649915
131.8284427994261
162.71396368386308
129.31742484134182
155.18090980961017
129.31742484134182
98.43190395690483
72.56841898863647
110.98699374732637
75.07943694672078
122.53767635451418
76.0838441299545
130.57293382038395
75.07943694672078
138.60819128625374
76.0838441299545
149.6566703018247
75.58164053833764
159.7007421341619
74.07502976348705
148.65226311859098
66.03977229761728
137.60378410302002
63.026550747916104
129.06632304553338
62.02214356468238
120.52886198804673
62.52434715629924
109.48038297247578
64.53316152276669
103.45393987307345
72.0662153970196
122.03547276289731
73.07062258025333
130.0707302287671
72.0662153970196
138.1059876946369
72.56841898863647
155.68311340122702
73.57282617187019
137.60378410302002
69.05299384731845
129.56852663715023
68.04858666408472
121.53326917128045
68.55079025570159
