27.11951252785251
130.68799571611683
28.054668132261217
107.77668340810351
30.392557143282986
85.33294890229453
35.53591296753088
64.29194780309862
47.69293582484407
46.523991319333184
64.99331450640516
32.49665725320258
84.631582198988
22.209945604706796
105.20500549597956
15.663856373845846
122.03780637533629
15.663856373845846
134.19482923264948
22.209945604706796
140.2733406613061
36.704857473041756
146.35185208996268
50.26461373696801
152.89794132082363
64.29194780309862
159.4440305516846
78.78685967143358
164.58738637593248
94.21692714417725
165.99011978254552
110.11457241912527
165.99011978254552
124.60948428746023
64.5257367042008
135.36377373816038
77.6179151659227
141.44228516681696
92.11282703425766
142.37744077122568
106.14016110038827
139.57197395799955
119.23233956211017
134.896195935956
142.61122967232785
133.9610403315473
150.0924745075975
138.63681835359085
157.1061415406628
142.84501857343002
163.65223077152376
145.65048538665616
167.86043099136293
142.37744077122568
130.921784617219
121.80401747423412
133.2596736282408
109.64699461692092
136.53271824367124
97.48997175960773
139.33818505689737
84.86537110009017
116.8944505510884
78.78685967143358
124.37569538635806
77.85170406702487
130.921784617219
75.98139285820746
136.53271824367124
78.31928186922923
141.20849626571479
81.12474868245535
80.89095978135317
122.27159527643846
89.77493802323589
126.47979549627765
98.6589162651186
126.47979549627765
105.20500549597956
120.40128406762105
97.7237606607099
119.46612846321234
88.83978241882718
119.9337062654167
138.40302945248865
122.27159527643846
144.48154088114526
128.81768450729942
151.9627857164149
129.75284011170814
157.1061415406628
126.947373298482
152.89794132082363
123.20675088084717
145.88427428775833
121.80401747423412
89.77493802323589
63.82437000089427
105.20500549597956
67.09741461632474
119.69991736431452
68.50014802293781
127.18116219958418
67.09741461632474
132.79209582603642
68.96772582514215
138.87060725469303
68.96772582514215
142.61122967232785
67.09741461632474
138.40302945248865
52.60250274798978
132.79209582603642
44.65368011051577
125.77842879297111
42.78336890169835
117.36202835329276
43.250946703902706
103.33469428716215
48.86188033035495
93.04798263866637
62.889214396485556
119.23233956211017
62.4216365942812
126.71358439737983
62.4216365942812
132.32451802383207
64.29194780309862
139.33818505689737
65.69468120971167
132.79209582603642
54.472813956807194
126.24600659517547
52.60250274798978
118.76476175990581
52.60250274798978
