54.241459808025844
131.97140890792002
55.694356052883684
113.08375772476818
59.568746039171245
95.1647040381882
62.958837277172854
77.72994909989418
66.83322726346042
59.81089541331421
75.06630598432149
43.34473797159208
87.65807343975605
30.268671767871567
104.60852962976413
20.09839805386672
123.01188206463004
16.708306815865104
141.41523449949597
20.582696802152665
158.36569068950402
30.268671767871567
172.41035438979642
43.34473797159208
182.58062810380127
58.35799916845638
188.39221308323263
75.7927541067504
192.2666030695202
93.71180779333037
196.14099305580774
112.11516022819627
198.07818804895152
130.51851266306218
65.86462976688853
143.5945788667827
77.00350097746527
149.40616384621404
89.11096968461389
148.43756634964217
100.73413964347657
145.04747511164055
111.8730108540533
140.68878637706703
138.99374075806622
140.2044876287811
150.13261196864298
144.5631763633546
161.75578192750564
147.46896885307027
173.86325063465426
148.43756634964217
185.00212184523102
143.11028011849677
124.94907705777382
129.5499151664903
124.46477830948788
116.95814771105573
123.98047956120193
104.8506790039071
123.496180812916
92.25891154847253
111.8730108540533
84.99443032418336
117.68459583348465
83.05723533103958
123.98047956120193
81.60433908618174
129.79206454063328
82.57293658275363
136.08794826835057
84.51013157589742
80.39359221546688
128.5813176699184
89.11096968461389
133.9086039010638
98.79694465033279
133.42430515277786
106.54572462290791
125.19122643191679
97.34404840547495
123.73833018705896
87.65807343975605
124.2226289353449
144.32102698921162
125.67552518020274
151.10120946521485
133.9086039010638
161.2714831792197
134.39290264934976
169.9888606483667
128.5813176699184
162.2400806757916
124.70692768363085
153.03840445835863
124.70692768363085
94.92255466404524
61.748090406458
105.09282837805007
67.07537663760338
115.26310209205492
69.98116912731906
122.52758331634409
67.55967538588934
130.2763632889192
69.49687037903311
140.44663700292406
66.59107788931745
150.6169107169289
60.7794929098861
140.44663700292406
51.0935179441672
130.2763632889192
46.250530461307754
122.04328456805816
45.281932964735866
113.81020584719708
46.250530461307754
104.12423088147818
51.0935179441672
99.76554214690468
60.29519416160016
115.26310209205492
60.29519416160016
122.52758331634409
59.81089541331421
130.2763632889192
60.29519416160016
145.28962448578352
59.81089541331421
130.2763632889192
57.87370042017044
122.52758331634409
56.90510292359854
114.77880334376897
57.87370042017044
