67.20105350532138
144.99919621725115
67.20105350532138
127.42353606970555
69.26877822856204
109.84787592215996
72.37036531342302
92.27221577461437
79.09047066395517
76.24734916949926
89.94602546096863
61.773276106814656
102.86930498122274
48.33306540575038
116.82644686309717
34.8928547046861
133.36824464902244
30.757405258204788
150.94390479656803
34.37592352387594
168.51956494411363
45.748409501699555
184.02750036841857
58.67168902195367
197.46771106948285
72.62883090382812
205.73860996244548
88.65369750894321
208.32326586649629
107.26322001810914
209.3571282281166
124.83888016565473
209.3571282281166
143.9653338556308
72.8872964942332
155.8547510142646
80.64126420638566
162.05792518398655
91.49681900339911
162.05792518398655
101.8354426196024
157.92247573750524
112.69099741661586
153.27009511021376
145.7745929884664
152.7531639294036
157.14707896629
157.92247573750524
168.51956494411363
161.02406282236623
180.92591328355758
161.5409940031764
192.29839926138118
157.40554455669508
129.23279520254113
136.72829732428852
129.23279520254113
125.87274252727505
128.1989328409208
114.50025654945144
127.68200166011063
103.12777057162782
115.79258450147685
96.40766522109568
121.99575867119881
93.82300931704485
129.23279520254113
91.75528459380419
136.9867629146936
94.33994049785503
144.22379944603588
95.89073404028551
86.32750719529747
137.76215968590884
94.08147490744993
141.38067795158
104.42009852365322
139.82988440914949
112.69099741661586
132.5928478778072
103.3862361620329
131.0420543353767
93.04761254582961
131.55898551618685
150.94390479656803
132.5928478778072
159.73173487034083
139.82988440914949
170.0703584865441
140.86374677076984
179.37511974112707
137.24522850509868
172.13808320978478
131.55898551618685
161.2825284127713
130.52512315456653
103.3862361620329
79.34893625436025
114.24179095904636
78.31507389273992
123.54655221362931
78.83200507355008
129.7497263833513
77.2812115311196
136.9867629146936
78.83200507355008
149.39311125413755
77.2812115311196
163.350253136012
78.83200507355008
150.42697361575787
62.807138468434985
138.53755645712408
58.15475784114351
130.26665756416145
57.63782666033334
123.54655221362931
58.15475784114351
113.20792859742602
63.32406964924515
109.0724791509447
76.24734916949926
123.54655221362931
71.07803736139762
129.7497263833513
70.56110618058746
137.50369409550376
71.07803736139762
158.18094132791035
76.24734916949926
137.50369409550376
71.07803736139762
130.26665756416145
70.56110618058746
123.54655221362931
71.07803736139762
