51.09727091500312
136.34127575878236
52.5712306529359
115.70583942772342
55.51915012880147
95.56172300930872
59.449709429955554
75.41760659089402
65.83686829433094
56.74744991041212
77.13722628514894
41.025212705795774
91.87682366447677
27.759575064400735
109.0730206070259
17.93317681151552
127.7431772875078
15.967897160938476
145.43069414270119
19.89845646209256
159.67897160938475
31.690134365554822
170.97932960020276
45.93841183223839
179.82308802779946
61.16932912421047
185.71892697953058
78.85684597940386
189.1581663680404
97.03568274724151
192.59740575655022
114.72319960243489
194.07136549448302
132.90203637027255
67.80214794490799
147.15031383695612
79.10250593572599
151.0808731381102
90.40286392654399
149.6069134001774
101.70322191736199
146.65899392431186
112.02094008289146
141.25447488522497
142.9740945794799
141.74579479786925
153.29181274500937
147.15031383695612
164.1008508231831
149.6069134001774
174.90988890135685
151.57219305075446
184.73628715424206
147.64163374960037
128.72581711279634
128.97147706911846
128.72581711279634
115.21451951507916
128.72581711279634
100.96624204839559
129.2171370254406
87.2092844943563
113.9862197334685
84.26136501849072
120.86469851048815
80.8221256299809
128.23449720015208
78.3655260667596
135.60429588981597
81.31344554262516
141.00881492890284
84.75268493113498
81.55910549894729
128.97147706911846
90.40286392654399
133.3933562829168
100.2292621794292
132.90203637027255
109.0730206070259
126.51487750589715
99.24662235414068
125.04091776796437
89.42022410125546
125.53223768060863
144.93937423005693
127.00619741854142
153.29181274500937
133.88467619556107
162.62689108525032
134.37599610820533
170.97932960020276
129.95411689440698
163.60953091053884
126.51487750589715
154.76577248294214
126.02355759325289
93.35078340240955
70.50440746445142
106.12510113116033
71.9783672023842
117.91677903462259
72.46968711502846
126.76053746221929
70.99572737709569
135.60429588981597
72.96100702767272
146.904653880634
72.96100702767272
158.20501187145197
71.48704728973995
148.37861361856676
55.7648100851236
137.56957554039303
48.39501139545969
128.23449720015208
46.9210516575269
118.40809894726685
47.903691482815425
105.63378121851606
54.78217025983508
97.28134270356364
68.53912781387439
118.40809894726685
68.04780790123012
126.76053746221929
67.55648798858586
135.60429588981597
68.53912781387439
154.27445257029788
69.5217676391629
136.5869357151045
57.730089735700645
127.7431772875078
56.25612999776786
118.89941885991111
56.74744991041212
