65.63599874696428
146.35769075431955
67.22396645858439
127.83140078541832
70.39990188182459
109.30511081651713
74.10515987560483
90.24949827707589
80.45703072208525
73.31117601979477
92.63144984450604
58.49014404467381
106.39383667854693
45.78640235171299
121.74419122420794
33.082660658752154
138.68251348148902
28.84808009443188
156.67948087985022
33.082660658752154
173.08848056659127
46.84504749279305
187.90951254171225
60.078111756293914
200.08393166413305
74.89914373141488
207.49444765169352
91.83746598869598
210.1410605043937
110.89307852813722
212.78767335709387
129.41936849703845
213.84631849817393
148.47498103647968
75.1638050166849
154.82685188296009
85.22093385694555
159.5907550178204
97.39535297936635
158.53210987674032
108.51112696070707
154.29752931242007
119.6269009420478
149.00430360701972
149.26896489228972
147.4163358953996
161.44338401471052
152.70956160079996
172.55915799605125
155.88549702404015
185.26289968901207
156.94414216512024
196.3786736703528
153.76820674188002
134.9772554877088
138.94717476675905
134.44793291716877
125.7141105032582
134.44793291716877
111.9517236692173
133.91861034662872
98.71865940571644
123.33215893582803
93.95475627085612
128.62538464122838
91.30814341815595
134.9772554877088
89.19085313599581
141.3291263341892
92.36678855923601
147.1516746101296
94.48407884139615
91.04348213288593
140.0058199078391
98.45399812044641
144.2404004721594
107.98180439016704
143.71107790161938
115.39232037772751
136.82988448459892
106.92315924908696
135.2419167729788
97.39535297936635
135.77123934351886
156.67948087985022
136.82988448459892
164.0899968674107
142.65243276053928
173.61780313713132
143.18175533107933
181.55764169523184
139.4764973372991
174.67644827821138
134.71259420243877
165.6779645790308
134.71259420243877
107.98180439016704
77.01643401357502
118.56825580096773
77.01643401357502
128.62538464122838
78.60440172519512
136.03590062878885
77.01643401357502
144.50506175742942
79.6630468662752
154.56219059769006
79.6630468662752
166.20728714957085
79.6630468662752
156.15015830931017
68.01795031439443
146.09302946904953
62.195402038454056
137.62386834040896
60.078111756293914
129.15470721176843
60.607434326833946
119.09757837150777
64.84201489115422
113.27503009556739
74.89914373141488
128.62538464122838
71.19388573763464
136.03590062878885
71.19388573763464
144.50506175742942
72.78185344925474
160.9140614441705
77.54575658411505
145.56370689850948
73.31117601979477
137.09454576986894
71.19388573763464
129.15470721176843
71.72320830817468
