55.743975339087086
146.84408318490998
54.195531579668
127.74661015207458
55.22782741928073
108.13298919943283
58.84086285792526
89.03551616659743
68.13152541443978
72.0026348129875
81.55137132940519
57.034345138602994
96.51966100378968
44.64679506325031
113.55254235739962
33.8076887473167
129.55312787139684
32.25924498789762
142.97297378636225
35.872280426542154
153.29593218248948
47.22753466228212
162.586594739004
60.647380577247525
171.87725729551852
74.06722649221294
179.10332817280758
89.03551616659743
185.8132511302903
104.51995376078828
189.94243448874118
121.03668719459188
190.45858240854756
137.0372727085891
71.22841293327795
154.07015406219904
84.64825884824336
157.68318950084355
99.1004006028215
155.61859782161812
112.5202465177869
151.48941446316724
125.42394451294595
145.2956394254909
151.23134050326405
146.84408318490998
161.55429889939128
152.00556238297358
171.87725729551852
156.1347457414245
182.20021569164575
158.19933742064993
190.9747303283539
153.55400614239267
139.35993834771773
133.9403851897509
139.87608626752407
120.5205392747855
140.90838210713682
106.58454544001374
141.94067794674953
93.16469952504833
123.3593528337205
86.97092448737199
131.10157163081593
85.4224807279529
138.84379042791136
82.84174112892109
145.0375654655877
84.90633280814653
150.71519258345768
87.48707240717835
85.68055468785607
137.55342062839546
94.97121724437059
141.68260398684635
105.8103235603042
140.65030814723363
114.58483819701235
133.9403851897509
104.26187980088511
131.87579351052548
93.4227734849515
131.87579351052548
153.81208010229585
134.45653310955728
161.0381509795849
142.19875190665272
170.8449614559058
142.19875190665272
178.07103233319486
139.10186438781454
172.3934052153249
133.42423726994457
163.10274265881037
132.9080893501382
107.35876731972328
69.42189521395568
119.74631739507596
71.48648689318112
130.58542371100955
73.55107857240658
136.7791987486859
71.48648689318112
142.97297378636225
73.03493065260021
149.68289674384496
72.0026348129875
157.4251155409404
70.97033897337477
149.68289674384496
60.13123265744117
142.97297378636225
56.00204929899027
136.26305082887956
54.96975345937754
129.55312787139684
54.96975345937754
119.2301694752696
59.09893681782844
112.00409859798054
68.90574729414932
130.58542371100955
67.35730353473024
136.7791987486859
66.84115561492386
142.4568258665559
67.87345145453659
153.81208010229585
68.90574729414932
142.97297378636225
67.35730353473024
136.7791987486859
66.3250076951175
130.58542371100955
66.84115561492386
