72.68733904903176
140.44232294830778
73.2065343279534
121.75129290712819
76.32170600148335
104.09865342379192
80.47526823285659
85.92681866153397
85.14802574315149
68.27417917819768
93.97434548481964
52.698320810548026
105.39664162109605
39.19924355858498
118.8957188730591
28.29614270123022
135.50996779855205
24.66177574877863
152.12421672404503
26.738556864465252
168.738465649538
35.564876606133396
182.7567381804227
47.50636802133147
194.69822959562077
63.082226388981134
201.4477682216023
80.73486587231741
205.0821351740539
99.94509119241867
207.15891628974052
119.67451179144157
208.71650212650547
138.88473711154282
74.76412016471838
154.46059547919248
84.62883046422984
159.65254826840905
96.57032187942791
157.05657187380075
107.99261801570432
153.94140020027083
118.8957188730591
148.74944741105426
140.18272530884695
148.23025213213262
153.68180256081
153.42220492134916
166.6616845338514
156.5373765948791
180.67995706473607
157.57576715272242
193.65983903777746
153.94140020027083
130.3180150093355
138.36554183262118
130.3180150093355
124.34726930173647
129.79881973041384
109.80980149193012
129.79881973041384
95.79152896104543
119.41491415198074
90.08038089290721
125.12606222011895
86.96520921937729
131.35640556717883
84.369232824769
138.10594419316033
86.96520921937729
144.85548281914186
89.56118561398556
87.74400213775976
139.4039323904645
95.5319313215846
143.55749462183772
105.39664162109605
143.03829934291608
113.70376608384254
136.28876071693455
104.35825106325274
134.21197960124792
94.49354076374128
134.7311748801696
152.12421672404503
135.25037015909123
160.4313411867915
141.4807135061511
170.29605148630299
141.4807135061511
179.12237122797112
137.32715127477786
171.3344420441463
132.65439376448296
161.46973174463483
132.65439376448296
107.99261801570432
70.35096029388431
118.37652359413744
71.38935085172761
126.68364805688392
73.9853272463359
132.39479612502214
71.90854613064927
138.625139472082
73.9853272463359
149.0090450505151
70.87015557280597
160.4313411867915
69.312569736041
149.0090450505151
60.486249994372855
138.625139472082
56.85188304192127
131.87560084610047
56.85188304192127
125.64525749904061
57.371078320842926
117.33813303629412
61.00544527329451
112.66537552599922
68.27417917819768
126.16445277796227
67.75498389927603
132.39479612502214
66.71659334143273
138.625139472082
67.23578862035437
155.7585836764966
67.75498389927603
138.625139472082
67.23578862035437
131.87560084610047
66.71659334143273
126.16445277796227
67.75498389927603
