59.280115831918124
128.77235245841038
60.276420299681455
110.34071980478878
62.269029235208116
92.40723938504884
64.26163817073477
73.97560673142723
70.23946497731475
57.03843077945063
81.69696635659304
42.093863763000684
97.13968560692466
31.134514617604058
114.07686155890126
22.16777440773409
130.51588527699622
18.680708770562433
146.45675676120948
22.66592664161575
161.89947601154108
33.62527578701238
175.34958632634604
45.082777166290676
186.30893547174267
58.53288748109563
192.28676227832264
74.97191119919057
194.27937121384932
92.40723938504884
195.7738279154943
109.34441533702545
196.77013238325765
126.77974352288372
68.74500827566976
145.21137617650533
76.71544401777639
153.67996415249362
89.66740209869968
156.17072532190195
102.1212079457413
153.18181191861197
114.57501379278293
148.69844181367696
138.98447325298451
147.70213734591366
151.9364313339078
152.6836596847303
164.8883894148311
155.67257308802027
178.33849972963603
152.6836596847303
187.305239939506
144.215071708742
126.53066740594288
135.24833149887203
126.53066740594288
124.28898235347539
126.03251517206122
113.82778544196043
125.53436293817956
102.37028406268213
113.5787093250196
93.90169608669383
119.55653613159957
91.90908715116717
126.03251517206122
89.41832598175885
132.50849421252286
91.90908715116717
138.98447325298451
94.3998483205755
82.69327082435638
131.2631136278187
91.16185880034467
135.7464837327537
100.12859901021464
135.7464837327537
109.09533922008461
129.76865692617372
99.63044677633297
128.77235245841038
90.663706566463
128.77235245841038
146.45675676120948
129.76865692617372
154.92534473719778
135.7464837327537
164.3902371809494
135.24833149887203
172.36067292305606
130.76496139393703
164.3902371809494
128.77235245841038
155.42349697107946
128.77235245841038
96.14338113916132
72.48115002978224
107.10273028455795
80.94973800577054
118.06207942995458
84.93495587682386
126.53066740594288
82.9423469412972
135.49740761581285
84.93495587682386
147.4530612289728
80.94973800577054
158.9105626082511
73.47745449754558
148.44936569673615
61.02364865050395
136.99186431745784
55.543974077805636
127.52697187370622
55.045821843923974
118.06207942995458
55.045821843923974
106.6045780506763
59.52919194885896
100.62675124409631
72.48115002978224
118.06207942995458
75.9682156669539
127.02881963982455
74.97191119919057
135.99555984969453
75.9682156669539
153.92904026943447
73.47745449754558
136.49371208357618
66.0051709893206
127.52697187370622
65.00886652155727
118.56023166383625
65.50701875543893
