72.35554231620465
138.72483472855063
71.8349988463039
121.5469002218258
73.91717272590691
103.8484222452002
78.08152048511293
87.1910312083761
84.32804212392196
71.57472711135352
93.69782458213552
55.95842301433093
104.62923745005133
41.90374932701061
117.64282419757015
29.410706049392537
133.25912829459273
24.205271350385008
150.43706280131758
26.807988699888774
166.57391036824092
36.177771158102324
181.149127525462
48.670814435720395
193.64217080308006
64.28711853274298
201.9708663214921
81.98559650936858
205.6146706107974
100.72516142579568
210.29956183990416
119.46472634222279
211.34064877970567
139.2453781984514
75.99934660550993
154.34113882557324
85.36912906372348
158.50548658477925
96.30054193163929
157.46439964497776
106.71141132965434
153.82059535567248
116.60173725776865
149.1357041265657
144.7110846324093
149.1357041265657
156.16304097022586
154.34113882557324
169.17662771774468
156.42331270517624
181.66967099536276
155.38222576537473
194.16271427298082
150.1767910663672
128.57423706548596
137.1632043188484
127.53315012568446
123.10853063152805
126.49206318588296
109.05385694420772
125.45097624608144
94.47863978698665
113.99901990826488
91.35537896758213
119.72499807717317
87.1910312083761
127.0126066557837
84.0677703889716
135.34130217419576
87.71157467827686
143.14945422270705
90.31429202778062
86.93075947342574
139.76592166835215
94.73891152193703
144.45081289745892
105.14978091995208
143.40972595765743
113.47847643836413
134.56048696934462
104.10869398015058
134.56048696934462
94.21836805203627
135.60157390914614
150.95760627121834
134.03994349944386
159.80684525953114
141.3275520780544
170.2177146575462
141.84809554795515
179.066953645859
136.12211737904687
170.73825812744695
132.99885655964235
160.84793219933263
132.99885655964235
103.06760704034907
77.82124875016255
112.43738949856262
78.34179222006331
121.28662848687541
77.82124875016255
129.61532400528748
75.21853140065879
138.985106463501
77.30070528026181
151.4781497411191
77.30070528026181
166.57391036824092
76.78016181036105
153.03978015082134
60.64331424343771
139.50564993340177
53.35570566482717
129.61532400528748
52.83516219492642
120.76608501697467
54.91733607452943
111.91684602866187
62.20494465313997
107.2319547995551
75.21853140065879
121.28662848687541
72.09527058125427
129.61532400528748
70.53364017155202
138.985106463501
71.57472711135352
162.4095626090349
75.21853140065879
139.50564993340177
63.76657506284223
129.61532400528748
62.72548812304072
121.28662848687541
64.80766200264374
