50.227520189798234
125.8057227395418
51.175209249983105
106.85194153584436
52.59674284026042
87.89816033214692
55.91365455090747
69.4182236585419
63.02132250229401
52.3598205752142
74.39359122451248
36.7229510821638
88.13508259719313
23.92914876966803
104.7196411504284
13.504569107634431
123.19957782403341
10.661501927079813
141.205669967546
14.452258167819304
156.36869493050395
27.719905010407516
167.7409636527224
42.409085443273035
175.79632066429383
59.46748852660074
180.06092143512575
76.99973614002089
181.9562995554955
95.00582828353346
183.85167767586523
111.59038683676872
183.85167767586523
129.12263445018885
64.91670062266375
140.0210586423149
74.39359122451248
147.60257112379387
86.71354900691583
149.02410471407117
99.03350678931916
148.0764156538863
110.87962004163006
142.8641258228695
136.94106919671407
141.91643676268464
146.41795979856278
148.0764156538863
157.31638399068882
150.9194828344409
168.68865271290727
149.02410471407117
176.27016519438627
140.49490317240733
124.62111141431072
126.75341179972668
125.09495594440315
112.5380758969536
125.56880047449559
98.79658452427294
126.04264500458802
85.05509315159229
109.45808645135276
80.31664785066793
117.03959893283174
76.99973614002089
125.09495594440315
73.68282442937382
132.67646842588212
76.99973614002089
138.8364473170838
80.31664785066793
80.55357011571415
124.85803367935694
88.60892712728557
129.5964789802813
98.08581772913429
128.64878992009642
105.19348568052084
122.48881102889476
96.66428413885698
121.06727743861744
87.18739353700826
121.54112196870989
140.25798090736112
122.48881102889476
147.83949338884008
129.12263445018885
157.31638399068882
130.54416804046616
164.8978964721678
126.27956726963424
158.2640730508737
122.48881102889476
149.2610269791174
121.54112196870989
87.6612380671007
66.10131194789484
101.87657396987377
67.04900100807971
114.67037628236956
67.52284553817216
124.14726688421828
65.62746741780241
134.09800201615943
67.52284553817216
144.0487371481006
67.52284553817216
154.4733168101342
67.04900100807971
144.99642620828547
49.51675339465958
134.09800201615943
42.409085443273035
123.67342235412585
40.98755185299573
113.24884269209225
41.9352409131806
99.98119584950403
49.042908864567146
91.92583883793262
64.67977835761754
114.19653175227712
62.31055570715536
124.14726688421828
60.41517758678561
134.09800201615943
61.836711177062924
150.20871603930226
64.67977835761754
134.09800201615943
51.885976045121765
123.67342235412585
49.99059792475202
113.72268722218469
51.41213151502932
