52.88299671380984
131.45914749140465
53.880789104636435
112.99998826111252
56.87416627711624
94.54082903082042
60.36643964500934
76.5805659959416
67.35098638079555
58.62030296106279
77.82780648447485
43.15452090325048
91.79689995604726
30.68211601791797
108.26047440468618
19.706399718825363
126.71963363497828
13.71964537386576
144.6798966698571
16.713022546345563
160.1456787276694
26.690946454611566
171.62029122217533
40.161143730770675
180.60042273961471
56.62471817940959
186.58717708457434
74.5849812142884
190.57834664788072
92.04634805375392
193.57172382036052
109.50771489321943
195.56730860201372
126.96908173268494
67.35098638079555
139.44148661801745
77.32891028906155
149.41941052628346
92.29579615146056
151.91389150334996
108.26047440468618
149.41941052628346
121.73067168084528
143.43265618132384
136.6975575432443
142.93375998591054
150.6666510148167
147.42382574463025
165.6335368772157
148.42161813545684
179.60263034878813
144.92934476756375
188.08386567081422
134.95142085929774
129.2141146120448
135.45031705471104
129.7130108074581
122.97791216937853
130.21190700287138
111.00440347945933
130.71080319828468
97.53420620330022
114.24722874964577
91.54745185834061
122.22956787625859
88.0551784904475
129.7130108074581
84.56290512255441
137.1964537386576
87.05738609962091
144.1810004744438
90.05076327210071
84.31345702484775
133.45473227305783
92.29579615146056
136.44810944553765
99.77923908266007
136.44810944553765
108.26047440468618
133.45473227305783
99.77923908266007
131.95804368681794
91.79689995604726
131.95804368681794
148.1721700377502
131.95804368681794
156.65340535977631
134.45252466388445
164.63574448638911
133.45473227305783
172.11918741758862
129.96245890516474
164.13684829097582
128.46577031892483
156.154509164363
129.46356270975144
98.28255049642017
69.5960192601554
109.75716299092608
72.0905002372219
121.23177548543198
72.5893964326352
129.2141146120448
70.0949154555687
136.6975575432443
72.0905002372219
147.1743776469236
70.593811650982
156.154509164363
68.0993306739155
147.1743776469236
59.11919915647609
136.198661347831
55.62692578858299
127.71742602580488
55.128029593169686
119.73508689919208
56.62471817940959
108.75937060009947
61.11478393812929
102.77261625513987
69.09712306474209
120.73287929001869
67.6004344785022
128.7152184166315
66.1037458922623
136.6975575432443
67.1015382830889
152.6622357964699
67.6004344785022
136.6975575432443
64.6070573060224
128.7152184166315
64.10816111060909
120.23398309460538
65.10595350143569
