44.476597990795085
119.16827613838032
46.41036312082966
99.83062483803462
49.79445209839015
80.49297353768894
54.62886492347658
61.638763519851885
63.814249291140776
45.20175991455805
75.41684007134819
31.181962721807427
91.37040239413338
21.51313707163458
110.70805369447908
17.1621655290568
128.59538114729884
16.195282964039514
144.54894347008403
18.612489376582726
157.11841681530873
26.830991179229645
165.8203599004643
40.36734708947163
170.6547727255507
56.320909412256825
174.03886170311122
72.27447173504201
176.45606811565443
88.71147534033585
178.38983324568898
105.14847894562969
176.45606811565443
121.10204126841488
66.71489698619263
142.85689898130377
77.35060520138276
149.14163565391613
90.88696111162474
151.0754007839507
103.93987573935809
149.14163565391613
116.02590780207414
142.85689898130377
141.16485449252355
139.4728100037433
149.8667975776791
144.79066411133834
159.53562322785194
147.20787052388155
168.72100759551614
146.72442924137292
174.52230298561986
140.92313385126923
130.04570499482477
128.35366050604452
131.49602884235068
117.71795229085438
133.42979397238526
106.59880279315561
135.36355910241983
95.96309457796549
118.44311421461735
87.74459277531857
125.21129216973834
84.84394508026672
132.46291140736798
82.4267386677235
138.26420679747167
84.36050379775807
142.61517834004945
87.26115149280993
82.66845930897783
127.87021922353587
90.88696111162474
132.22119076611366
99.5889041967803
131.737749483605
107.32396471691858
125.45301281099266
98.62202163176302
124.96957152848402
90.4035198291161
124.96957152848402
142.13173705754082
124.00268896346674
150.35023886018774
129.80398435357046
158.56874066283467
129.80398435357046
164.853477335447
124.96957152848402
158.56874066283467
122.06892383343217
150.35023886018774
122.55236511594082
97.1716977842371
60.6718809548346
110.70805369447908
67.4400589099556
122.79408575719513
70.34070660500744
131.01258755984205
68.89038275748152
138.74764807998034
70.34070660500744
146.4827086001186
66.95661762744695
151.80056270771365
59.70499838981732
145.99926731760996
52.453379152187686
138.26420679747167
50.519614022153114
130.04570499482477
50.03617273964447
121.3437619096692
50.03617273964447
109.25772984695315
52.453379152187686
102.48955189183215
60.6718809548346
122.31064447468648
61.638763519851885
130.5291462773334
61.638763519851885
138.26420679747167
61.638763519851885
146.96614988262724
59.221557107308676
137.78076551496304
60.6718809548346
130.5291462773334
60.18843967232596
121.82720319217785
60.6718809548346
