56.74223267790817
128.1508899039197
55.78049992065549
109.87796751611879
56.261366299281825
91.60504512831784
58.66569819241353
73.33212274051691
66.84042662906131
56.501799488595
79.8238188519725
41.594941751178446
92.8072110748837
26.207217635135553
107.23320243367391
12.742959033598021
123.58265930696948
7.934295247334616
139.93211618026507
11.78122627634534
154.8389739176816
25.24548487788287
167.8223661405928
39.67147623667308
180.805758363504
54.57833397408964
189.94221955740446
70.44692446875887
192.8274178291625
89.68157961381249
193.30828420778883
107.95450200161342
193.7891505864152
125.74655801078801
65.39782749318229
141.1342821268309
74.53428868708276
147.38554504897334
87.51768090999396
147.86641142759967
99.53934037565246
144.01948039858894
111.56099984131097
138.7299502336992
136.08518515125434
138.7299502336992
147.6259782382865
144.5003467772153
159.647637703945
147.38554504897334
172.15016354822987
146.42381229172065
181.76749112075666
140.65341574820457
123.10179292834314
126.22742438941435
123.10179292834314
112.28229940925048
123.10179292834314
98.81804080771295
122.6209265497168
85.35378220617542
108.19493519092659
81.98771755579104
115.40793087032169
78.14078652678032
123.10179292834314
74.77472187639593
130.79565498636458
78.14078652678032
137.52778428713336
81.50685117716469
80.30468523059885
128.63175628254606
88.96028004587298
132.47868731155677
98.57760761839978
131.5169545543041
106.27146967642123
124.78482525353533
97.13500848252076
125.26569163216168
87.99854728862029
125.74655801078801
140.89384893751773
124.78482525353533
149.06857737416553
130.55522179705142
158.68590494669232
131.03608817567775
166.86063338334012
126.7082907680407
159.16677132531868
124.78482525353533
150.0303101314182
124.30395887490899
90.88374556037833
69.96605809013253
102.90540502603685
70.92779084738521
114.92706449169536
69.48519171150619
123.58265930696948
67.56172619700082
132.71912050086996
69.48519171150619
145.2216463451548
70.92779084738521
158.205038568066
69.96605809013253
146.66424548103382
50.73140294507891
133.68085325812262
41.1140753725521
123.58265930696948
39.67147623667308
113.96533173444267
41.1140753725521
101.46280589015782
50.250536566452574
95.69240934664174
68.52345895425351
114.44619811306902
64.67652792524278
123.58265930696948
62.75306241073742
132.71912050086996
64.67652792524278
153.87724116042892
68.52345895425351
133.68085325812262
50.73140294507891
123.58265930696948
48.80793743057355
114.44619811306902
50.73140294507891
