50.2493148187235
135.48530210468905
51.6581741127064
115.76127198892843
53.53665317135027
96.0372418731678
56.354371759316074
76.31321175740717
63.39866822923058
57.52842117096849
74.6695425810938
40.152489878512704
87.81889599160088
23.715798115378846
102.37710869609086
9.627205175549829
118.81380045922472
5.400627293601123
135.72011198701955
9.157585410888862
149.80870492684855
22.306938821395946
162.95805833735565
37.804391055207866
174.6985524538798
54.24108281834172
182.2124686884553
72.55625364011944
185.96942680574304
91.8106639912191
188.31752562904788
111.53469410697973
190.19600468769173
131.7283439874013
61.98980893524768
134.54606257536713
71.38220422846702
142.52959857460357
84.06193787431314
143.4688381039255
96.27205175549828
141.12073928062065
108.48216563668343
136.42454163401098
132.90239339905372
137.36378116333293
145.58212704489986
141.12073928062065
158.26186069074598
142.52959857460357
170.47197457193113
140.18149975129873
179.3947501004895
133.13720328138422
120.69227951786858
125.15366728214778
120.69227951786858
112.00431387164069
121.16189928252955
98.8549604611336
121.16189928252955
85.23598728596556
106.1340668133786
81.00940940401685
113.17836328329311
78.66131058071201
120.22265975320762
75.84359199274621
127.7365759877831
78.19169081605105
134.31125269303664
80.07016987469491
79.36574022770347
126.56252657613068
86.41003669761797
128.9106253994355
94.86319246151538
128.44100563477454
102.37710869609086
124.6840475174868
94.39357269685442
123.74480798816487
86.41003669761797
123.74480798816487
138.53783057498535
123.74480798816487
145.58212704489986
127.50176610545262
154.03528280879726
127.03214634079164
161.07957927871178
124.21442775282584
154.50490257345822
121.866328929521
146.5213665742218
122.33594869418197
89.22775528558378
63.1638583469001
100.02900987278602
65.04233740554396
111.76950398931021
65.04233740554396
120.22265975320762
63.1638583469001
129.61505504642696
64.572717640883
140.8859293982902
64.10309787622204
151.68718398549242
63.63347811156106
141.35554916295115
46.72716658376624
129.61505504642696
38.7436305845298
119.75303998854665
37.3347712905469
110.36064469532731
39.213250349190766
98.62015057880312
47.66640611308818
93.45433316753248
61.75499905291719
111.29988422464923
61.28537928825623
119.75303998854665
59.40690022961236
129.61505504642696
60.81575952359526
147.4606061035437
61.75499905291719
129.61505504642696
49.54488517173205
119.75303998854665
47.66640611308818
110.83026445998827
49.54488517173205
