-3.435797989368438721e-02
-2.244396164314821362e-04
-2.070583286695182323e-05
-2.112489746650680900e-04
6.410856440197676420e-05
1.744519977364689112e-05
5.085271186544559896e-05
7.747615745756775141e-05
-3.770076364162378013e-05
1.128506664827000350e-05
-6.862232839921489358e-05
1.546435123600531369e-05
3.164019290124997497e-05
2.939496516773942858e-05
-1.416169288859236985e-05
5.364646767702652141e-06
-2.792415580188389868e-05
-1.179984101327136159e-04
-2.520034831832163036e-05
1.194082688016351312e-05
-9.520395542494952679e-05
2.715815935516729951e-05
-1.771325332811102271e-05
-8.220938616432249546e-05
3.115324216196313500e-05
-6.652774573012720793e-06
-5.284722419673926197e-07
-2.527953984099440277e-05
2.247983502456918359e-05
1.556036636429780629e-06
-9.406367098563350737e-06
6.393864623532863334e-06
-3.187510446878150105e-05
-6.440538527385797352e-06
-7.896706847532186657e-06
2.614456025185063481e-05
5.023471749154850841e-05
-1.265793162019690499e-05
-6.351936463033780456e-06
6.715154540870571509e-06
1.333087857346981764e-05
-1.879276533145457506e-05
-1.206906563311349601e-05
1.351455694020842202e-06
1.763789441611152142e-05
2.047796078841201961e-05
-8.039855856623034924e-06
-2.570132346590980887e-05
-2.861430220946203917e-05
-1.089262150344438851e-05
