60.73498976575252
129.58543075020475
62.3057222596944
111.26021832088286
65.44718724757816
93.4585833895416
68.58865223546191
75.65694845820035
76.44231470517128
59.42604602080096
90.05532965266754
46.33660857128533
104.19192209814442
34.81790361571158
120.94640203352442
24.869931154079698
137.17730447092381
21.728466166195947
152.36105191236194
26.440663648021573
165.45048936187757
39.530101097537205
176.4456168194707
53.14311604503346
185.34643428514133
68.3268634864716
190.58220926494758
84.55776592387097
193.2000967548507
101.8358233572316
194.77082924879258
119.63745828857286
194.77082924879258
136.39193822395288
72.25369472132628
148.95779817548788
81.15451218699691
157.33503814317788
93.72037213853191
159.952925633081
106.80980958804754
157.8586156411585
119.37566953958255
153.14641815933288
147.64885443053632
153.6699956573135
159.16755938611007
159.42934813510038
170.68626434168382
161.52365812702288
182.7285467952382
159.952925633081
190.05863176696695
151.575685665391
134.03583948304006
138.48624821587538
135.08299447900131
126.44396576232099
135.60657197698194
113.87810581078598
136.6537269729432
101.8358233572316
121.46997953150505
95.02931588348348
128.8000645032338
92.93500589156098
135.60657197698194
89.79354090367723
142.41307945073007
92.93500589156098
147.64885443053632
96.07647087944473
87.43744216276441
135.86836072597225
96.33825962843504
141.1041357057785
106.28623209006692
140.58055820779788
113.09273956381504
132.7268957380885
104.71549959612504
132.20331824010788
95.29110463247379
132.7268957380885
152.36105191236194
133.77405073404975
160.73829188005195
142.67486819972038
170.68626434168382
144.24560069366225
177.49277181543195
139.009825713856
171.73341933764507
135.34478322799163
162.30902437399382
134.29762823203038
97.38541462439629
77.22768095214222
111.52200706987317
81.41630093598722
125.13502201736942
82.9870334299291
135.08299447900131
81.93987843396785
144.50738944265257
84.03418842589035
156.54967189620695
83.51061092790972
168.59195434976132
80.36914594002597
158.64398188812945
63.091088506665336
146.60169943457507
55.23742603695596
136.13014947496256
53.666693543014084
125.13502201736942
54.19027104099471
110.47485207391192
60.996778514742836
102.09761210622192
76.18052595618097
125.13502201736942
77.75125845012285
135.08299447900131
76.7041034541616
145.0309669406332
78.27483594810347
163.35617936995507
78.7984134460841
145.55454443861382
62.56751100868471
135.60657197698194
60.996778514742836
125.13502201736942
61.52035601272346
