69.7894089259251
131.74015235654704
70.2951292804608
116.06282136594066
72.82373105313924
100.3854903753343
76.36377353488906
85.21387973926363
81.92669743478164
70.04226910319295
89.0067823982813
56.387819530729345
99.62690984353077
45.26197173094418
111.76419835238731
34.64184428569471
128.45297005206507
32.11324251301627
147.67034352442124
33.63040357662333
167.8991577058488
43.23909031280142
186.6108108236693
53.859217758050896
200.7709807506686
67.51366733051451
209.36822677777533
84.20243903019225
212.90826925952516
102.91409214801276
213.91970996859652
120.61430455676188
213.91970996859652
138.8202373200467
70.2951292804608
148.4289240562248
76.86949388942476
156.5204497287958
87.48962133467423
158.0376107924029
98.1097487799237
155.50900901972443
109.23559657970887
150.45180547436755
138.06165678824314
149.44036476529615
151.71610636070676
153.99184795611737
164.86483557863468
156.01472937426013
179.02500550563397
155.50900901972443
190.65657365995483
148.93464441076046
123.90148686124385
133.2573134201541
122.89004615217247
121.62574526583325
121.37288508856541
109.9941771115124
119.85572402495833
98.86832931172724
113.28135941599437
90.77680363915621
117.83284260681559
88.24820186647777
123.39576650670816
86.22532044833501
129.97013111567213
88.24820186647777
136.54449572463608
90.27108328462052
84.4552992074601
133.7630337746898
91.53538417095974
139.32595767458238
102.15551161620921
138.8202373200467
109.74131693424455
129.71727093840428
100.13263019806647
127.18866916572583
90.01822310735268
128.20010987479722
149.1875045880283
129.71727093840428
156.77330990606364
138.314516965511
166.88771699677744
138.314516965511
175.48496302388415
132.7515930656184
168.4048780603845
127.18866916572583
157.78475061513504
127.18866916572583
102.66123197074491
69.53654874865727
108.72987622517317
74.59375229401415
117.32712225227989
77.12235406669261
123.90148686124385
75.09947264854985
130.4758514702078
76.61663371215691
141.60169926999296
73.07659123040709
153.73898777884952
67.00794697597883
141.60169926999296
58.916421303407795
130.4758514702078
55.882099176193655
122.89004615217247
55.882099176193655
115.80996118867283
56.893539885265035
107.71843551610179
60.43358236701486
106.70699480703043
69.03082839412157
117.32712225227989
69.53654874865727
124.40720721577954
69.03082839412157
130.9815718247435
69.03082839412157
148.17606387895694
67.00794697597883
129.97013111567213
67.51366733051451
122.89004615217247
67.51366733051451
116.31568154320851
68.52510803958589
