65.14528924044558
150.15194715175872
65.67492573833539
131.08503322772586
68.8527447256742
112.01811930369301
70.9712907172334
92.95120537966017
76.26765569613141
74.41392795351712
87.91965864970705
58.52483301682307
101.16057109695208
43.695011075908624
117.04966603364613
31.513371624443188
134.5276704640096
28.33555263710438
152.00567489437304
31.513371624443188
167.36513333317728
43.16537457801882
180.6060457804223
56.40628702526386
192.25804873399795
71.7657454640681
198.61368670867557
89.77338639232136
201.26186919812457
108.8403003163542
203.91005168757357
127.37757774249727
206.0285976791328
146.44449166653013
74.14910970457221
154.91867563276693
86.86038565392745
158.62613111799556
99.57166160328268
156.50758512643634
111.75330105474812
152.27049314331794
123.40530400832375
148.03340116019953
148.29821940914442
149.62231065386894
160.47985886060985
154.38903913487715
172.66149831207528
157.56685812221593
185.90241075932033
159.68540411377515
197.55441371289595
155.97794862854656
136.64621645556878
137.9703077002933
136.116579957679
125.25903175093805
136.116579957679
112.01811930369301
136.116579957679
98.77720685644798
122.34603101254415
92.42156888177037
128.70166898722175
90.30302289021115
135.58694345978918
88.18447689865195
142.4722179323566
90.30302289021115
148.82785590703423
92.42156888177037
88.97893164548665
140.6184901897423
97.98275210961327
144.3259456749709
109.10511856529911
143.7963091770811
117.57930253153593
136.9110347045137
108.0458455695195
134.26285221506467
96.92347911383368
134.26285221506467
154.12422088593223
137.44067120240348
162.59840485216907
144.85558217286072
173.7207713078549
145.3852186707505
182.1949552740917
141.6777631855219
174.7800443036345
135.85176170873407
164.18731434583847
135.3221252108443
107.5162090716297
72.82501845984771
118.10893902942574
75.47320094929671
128.17203248933197
78.12138343874572
134.5276704640096
75.47320094929671
141.9425814344668
77.59174694085593
152.00567489437304
74.94356445140691
162.59840485216907
72.2953819619579
152.00567489437304
63.82119799572108
141.9425814344668
60.64337900838227
134.5276704640096
60.11374251049247
127.11275949355236
60.64337900838227
117.57930253153593
63.82119799572108
112.81257405052772
71.2361089661783
127.64239599144216
71.2361089661783
134.5276704640096
70.7064724682885
141.9425814344668
71.2361089661783
157.83167637116085
71.2361089661783
141.9425814344668
71.2361089661783
134.5276704640096
70.1768359703987
127.64239599144216
71.2361089661783
