71.85855673545976
125.16539457516357
70.91922919643415
111.0754814897793
72.32822050497256
96.98556840439504
77.96418573912628
82.42599154949797
84.53947851230559
67.86641469460088
91.11477128548492
53.30683783970381
98.62939159768986
38.747260984806736
105.674348140382
23.24835659088404
117.41594237820222
16.203400048191906
133.38451054163772
16.673063817704715
152.6407250916629
26.536002977473704
170.95761210266244
38.747260984806736
186.92618026609793
54.24616537872943
198.19811073440536
72.09338862021616
204.30373973807187
93.22825824829256
206.1823948161231
114.36312787636896
206.1823948161231
135.02833373493254
69.97990165740852
144.42160912518872
75.14620312204943
148.1789192812912
82.19115966474155
145.36093666421436
89.7057799769465
142.0732902776247
97.69006405866425
137.3766525824966
125.86989022943278
139.25530766054783
137.611484467253
144.42160912518872
149.35307870507322
147.2395917422656
161.56433671240626
146.30026420323998
172.36660341120086
142.0732902776247
111.31031337453571
123.28673949711234
109.43165829648447
110.60581772026649
107.55300321843323
97.92489594342065
105.20468437086919
85.24397416657482
100.03838290622829
79.6080089324211
104.26535683184358
75.85069877631864
109.90132206599728
73.50237992875459
116.0069510696638
75.38103500680583
123.05190761235593
77.25969008485706
80.31250458669032
127.98337719224043
86.41813359035683
131.7406873483429
95.3417452111002
130.80135980931726
102.85636552330514
122.81707572759953
93.93275390256177
121.4080844190611
85.00914228181841
122.34741195808671
134.32383808066334
121.4080844190611
141.36879462335548
128.45304096175323
151.23173378312447
128.45304096175323
159.2160178648422
123.75640326662514
152.17106132215008
119.05976557149705
142.7777859318939
118.59010180198425
96.75073651963864
62.230449460447176
100.03838290622829
65.04843207752403
106.61367567940762
65.98775961654965
111.31031337453571
63.6394407689856
117.41594237820222
64.57876830801122
130.09686415504805
61.291121921421556
145.59576854897077
58.473139304344706
131.5058554635865
46.261881297011676
119.29459745625346
42.97423491042201
112.24964091356132
43.44389867993482
107.08333944892043
45.79221752749886
101.44737421476673
51.897846531165385
100.9777104452539
60.351794382395944
106.61367567940762
60.351794382395944
111.77997714404852
59.412466843370325
117.88560614771502
58.94280307385751
140.42946708432984
57.533811765319086
118.35526991722784
53.30683783970381
112.24964091356132
54.24616537872943
107.08333944892043
56.594484226293474
