56.30844364938118
133.34863246057998
57.84412847618248
115.43230948123141
61.4273930720522
97.51598650188286
64.4987627256548
80.1115584648014
71.15339697512712
63.21902536998705
82.41508570500336
48.88596698650821
97.26003903074931
37.11238331436487
113.64067718329656
27.89827435355704
132.06889510491223
25.33879964222153
149.4733231419937
28.92206423809124
166.36585623680804
38.64806814116617
180.18701967801977
50.933546755576614
189.4011286388276
66.29039502358967
194.52007806149862
82.67103317613692
197.59144771510122
100.07546121321838
200.15092242643675
116.45609936576562
202.19850219550514
133.86052740284708
70.12960709059293
145.1222161327233
79.34371605140075
153.31253520899693
92.14108960807829
155.87200992033246
105.45035810702294
154.84822003579825
118.75962660596758
150.75306049766144
148.44953325745948
150.75306049766144
160.73501187186992
155.87200992033246
173.53238542854746
157.40769474713375
186.329758985225
154.84822003579825
195.03197300376573
146.65790095952462
133.0926849894464
136.93189705644969
133.0926849894464
125.15831338430635
133.0926849894464
113.38472971216301
133.60457993171352
101.61114604001968
120.29531143276888
93.42082696374605
126.4380507399741
91.37324719467765
133.60457993171352
89.32566742560924
140.25921418118585
91.37324719467765
146.40195348839106
93.93272190601314
87.53403512767439
133.86052740284708
95.72435420394801
138.467581883251
105.96225304929004
138.467581883251
114.15257212556367
132.32484257604577
105.45035810702294
130.78915774924448
95.72435420394801
130.78915774924448
151.52090291106208
132.83673751831287
159.7112219873357
139.49137176778518
169.43722589041064
139.49137176778518
177.62754496668427
134.8843172873813
170.46101577494485
131.30105269151156
160.73501187186992
131.30105269151156
98.28382891528351
77.5520837534659
111.08120247196105
80.1115584648014
123.87857602863859
81.13534834933562
132.58079004717933
79.08776858026721
141.79489900798714
81.6472432916027
153.5684826801305
80.62345340706851
164.83017141000673
77.5520837534659
154.59227256466468
62.70713042771995
142.81868889252135
56.05249617824763
133.0926849894464
54.51681135144632
122.8547861441044
55.540601235980525
110.05741258742685
62.19523548545285
102.89088339568742
76.01639892666459
123.87857602863859
74.99260904213038
132.58079004717933
73.96881915759619
141.79489900798714
74.99260904213038
159.7112219873357
76.01639892666459
142.30679395025425
65.77850008132256
133.0926849894464
64.24281525452126
123.3666810863715
65.26660513905546
