89.46641702134107
113.04500475849254
87.70353195688115
100.70480930727308
88.5849744891111
87.04245005770868
92.99218715026092
72.9393695420293
95.6365147469508
58.83628902634992
98.72156360975566
44.29248724455555
100.04372740810061
31.070849261106137
102.68805500479048
16.967768745426756
113.70608665766501
9.916228487587064
130.89421603614926
9.475507221472084
151.60811554355334
14.32344114873687
172.32201505095742
23.137866471036485
192.59519329224653
36.3595044544859
206.25755254181095
54.42907636520011
211.9869290013057
76.90586093706412
213.30909279965064
101.14553057338806
213.30909279965064
124.50375767748203
81.09271296515644
137.28467439481648
83.29631929573134
136.40323186258652
86.82208942465118
133.31818299978164
90.34785955357103
129.7924128708618
93.87362968249087
126.70736400805694
105.77310386759535
126.26664274194195
118.11329931881481
131.9960192014367
132.2163798344942
134.1996255320116
147.20090288240354
132.4367404675517
162.18542593031287
128.0295278064019
99.16228487587064
117.45221741964234
95.6365147469508
105.11202196842288
91.67002335191597
92.77182651720342
88.14425322299613
80.43163106598396
86.82208942465118
74.70225460648922
91.67002335191597
70.2950419453394
97.84012107752571
68.53215688087948
105.33238260148038
69.85432067922443
113.70608665766501
72.05792700979933
87.70353195688115
120.09654501633223
89.90713828745605
122.30015134690713
94.31435094860586
120.97798754856218
99.16228487587064
118.3336599518723
94.31435094860586
116.57077488741238
89.90713828745605
116.57077488741238
122.07979071384963
116.1300536212974
128.24988843945937
119.21510248410226
135.74214996341405
117.45221741964234
144.11585401959866
116.1300536212974
135.74214996341405
113.04500475849254
128.24988843945937
113.48572602460752
102.24733373867551
52.225470034625204
99.60300614198563
57.073403961889994
100.48444867421559
58.39556776023493
104.01021880313543
57.073403961889994
109.2988739965152
57.954846494119955
120.7576269155047
55.75124016354505
134.86070743118407
51.78474876851023
122.52051197996462
45.17392977678551
112.38392285932007
41.20743838175069
106.65454639982532
41.20743838175069
103.12877627090548
42.08888091398065
101.80661247256053
46.936814841245436
103.12877627090548
53.106912566855165
102.24733373867551
53.54763383297015
104.8916613353654
53.54763383297015
110.62103779486014
53.54763383297015
130.89421603614926
52.225470034625204
110.18031652874517
51.78474876851023
104.8916613353654
51.78474876851023
101.80661247256053
53.106912566855165
