68.60479996967014
138.5188518471584
69.65220149592464
120.71302590083181
72.79440607468815
103.43090071763245
75.41290989032443
85.10137400817861
80.64991752159696
68.3429495881065
90.07653125788751
53.15562745741617
103.16905033606884
40.06310837923485
118.35637246675917
29.06539235356254
135.6384976499585
24.352085485417263
153.4443235962851
27.49429006418078
170.20274801635722
36.920903800471336
185.39007014704754
48.96602135239815
196.9114869358471
63.62964271996123
203.19589609337416
80.91176790316058
206.33810067213767
99.76499537574169
210.00400601402845
118.61822284832279
211.5751083034102
137.99515108403116
78.55511446908794
152.13507168846698
87.9817282053785
157.37207931973953
99.50314499417806
156.84837855661226
110.50086101985038
154.229874740976
121.49857704552268
149.5165678728307
147.15991443875808
148.99286710970347
159.2050319906849
154.75357550410325
171.77385030573896
156.84837855661226
184.8663693839203
156.324677793485
195.8640854095926
150.56396939908524
134.06739536057677
138.5188518471584
133.5436945974495
126.99743505835885
133.01999383432226
114.95231750643202
132.496293071195
102.9071999545052
120.97487628239543
95.57538927072366
126.73558467679521
92.9568854550874
133.01999383432226
91.38578316570565
139.82810375497655
92.9568854550874
147.15991443875808
94.52798774446916
91.64763354726927
139.5662533734129
99.50314499417806
144.2795602415582
108.92975873046862
143.23215871530368
117.30897094050466
134.85294650526762
107.35865644108685
134.85294650526762
98.45574346792355
135.90034803152213
154.49172512253963
133.80554497901312
161.82353580632116
141.6610564259219
171.77385030573896
142.18475718904918
180.67676327890226
136.94774955777666
172.82125183199346
133.80554497901312
163.39463809570293
133.28184421588588
103.69275109919609
76.72216179814255
113.64306559861389
80.91176790316058
125.16448238741346
81.95916942941508
134.591096123704
79.86436637690608
144.01770985999457
81.95916942941508
157.11022893817588
80.38806714003333
169.67904725322995
75.67476027188805
158.15763046443038
60.487438141197714
145.06511138624907
53.679328220543425
135.11479688683127
52.63192669428892
124.6407816242862
54.203028983670684
113.11936483548664
61.534839667452225
106.8349556779596
75.1510595087608
125.16448238741346
76.72216179814255
134.591096123704
75.67476027188805
144.01770985999457
76.72216179814255
166.01314191133918
74.62735874563354
144.5414106231218
63.10594195683398
135.11479688683127
62.05854043057948
125.16448238741346
63.62964271996123
