69.86835611021642
130.940336451161
69.86835611021642
113.85023495657568
71.87895628604998
96.76013346199036
76.9054567256339
80.17268201136345
84.44520738500977
64.08788060469492
92.99025813230243
48.50572924198478
101.53530887959508
33.426227923233036
113.0962598906381
20.859976824273247
128.17576120938983
15.833476384689332
145.26586270397516
18.84937664843968
161.35066411064366
28.39972748364912
174.92221529752024
40.463328538650515
186.48316630856326
55.54282985740226
194.52556701189752
73.13558139594596
198.54676736356464
93.24158315428163
199.55206745148143
112.8449348686589
199.04941740752304
132.44828658303615
72.38160633000838
151.54898825345504
79.41870694542585
157.58078878095574
89.4717078245937
156.07283864908055
99.52470870376152
153.5595884292886
109.57770958292934
148.03043794574629
138.22876208855766
148.03043794574629
150.29236314355907
153.05693838533023
161.85331415460206
156.57548869303895
173.91691520960347
156.07283864908055
183.9699160887713
150.54368816553827
123.65191081376432
131.94563653907778
122.64661072584752
117.36878526428441
122.14396068188914
102.79193398949106
121.13866059397235
88.21508271469772
108.06975945105417
87.20978262678092
115.10686006647165
82.6859322311554
123.65191081376432
78.66473187948827
132.69961160501535
82.6859322311554
140.74201230834962
86.20448253886414
83.94255734105138
132.95093662699455
91.48230800042725
137.47478702262006
101.0326588356367
136.4694869347033
108.57240949501256
129.9350363632442
100.02735874771992
128.42708623136903
90.47700791251047
128.92973627532743
145.26586270397516
129.9350363632442
153.8109134512678
136.4694869347033
162.85861424251885
137.47478702262006
170.39836490189472
133.45358667095294
163.86391433043562
129.43238631928583
154.3135634952262
128.92973627532743
98.51940861584474
73.63823143990436
106.561809319179
75.64883161573792
116.11216015438843
74.14088148386274
124.6572109016811
72.13028130802918
134.20756173689054
74.14088148386274
147.27646287980872
74.64353152782114
160.3453640227269
73.13558139594596
148.78441301168388
55.54282985740226
135.2128618248073
46.997779110109605
125.15986094563948
44.98717893427604
115.60951011043005
46.997779110109605
106.05915927522061
56.04547990136065
102.54060896751187
71.62763126407079
116.11216015438843
68.10908095636205
125.15986094563948
66.60113082448687
134.71021178084894
68.10908095636205
156.32416367105975
71.62763126407079
134.20756173689054
58.558730121152614
124.6572109016811
56.54812994531905
115.60951011043005
59.061380165111004
