75.21524855300684
151.2363747690816
76.82700387914271
132.9698144062085
81.12501808217166
114.70325404333543
85.42303228520063
96.43669368046234
91.33280181436545
79.24463686834649
99.92883022042338
63.12708360698789
109.59936217723855
47.546782121007894
121.9561530109468
36.26449483805687
138.07370627230543
33.04098418578515
155.26576308442125
36.26449483805687
170.30881279502265
47.546782121007894
182.12835185335229
62.58983183160927
191.26163203478882
79.24463686834649
198.2459051147109
97.51119723121958
204.1556746438757
116.3150093694713
209.5281923976619
135.65607328310162
211.6771994991764
155.53438897211058
79.5132627560358
160.9069067258968
90.25829826360821
165.20492092892573
102.07783732193785
162.51866205203265
113.36012460488888
158.22064784900368
123.56790833708267
152.31087831983885
150.9677488813923
152.84813009521747
162.78728793972195
158.7578996243823
175.1440787734302
162.51866205203265
188.0381213825171
164.6676691535471
199.85766044084676
160.9069067258968
136.9992027215482
139.41683571075197
136.46195094616957
125.98554132628647
135.92469917079094
112.01699516644233
135.92469917079094
98.58570078197683
124.10516011246129
92.675931252812
130.0149296416261
89.45242060054028
135.92469917079094
86.76616172364717
142.37172047533437
89.45242060054028
148.2814900044992
91.60142770205476
91.33280181436545
143.71484991378094
99.39157844504476
148.01286411680988
110.67386572799577
146.40110879067404
118.73264235867508
138.34233215999473
108.5248586264813
135.65607328310162
97.7798231189089
136.73057683385886
157.41477018593574
138.34233215999473
166.01079859199368
146.40110879067404
177.2930858749447
147.47561234143126
185.88911428100263
142.6403463630237
179.44209297645918
136.19332505848024
168.15980569350816
135.118821507723
112.82287282951026
72.26036378842443
120.88164946018956
76.02112621607478
128.94042609086887
78.17013331758925
134.8501956200337
76.02112621607478
141.83446869995575
77.63288154221063
151.50500065677093
74.94662266531753
161.7127843889647
72.26036378842443
151.50500065677093
63.12708360698789
142.37172047533437
58.829069403958925
135.38744739541232
58.829069403958925
128.40317431549025
59.36632117933754
120.34439768481094
63.6643353823665
116.58363525716061
71.18586023766719
128.94042609086887
70.64860846228856
135.38744739541232
69.57410491153132
142.37172047533437
70.11135668690994
157.41477018593574
71.18586023766719
141.83446869995575
71.18586023766719
134.8501956200337
70.11135668690994
128.94042609086887
71.18586023766719
