64.99511071838747
144.17566226816902
66.54261335453954
127.6689674825468
69.12178441479301
111.16227269692459
73.76429232324926
94.13974369925168
78.92263444375621
77.11721470157877
87.17598183656732
60.09468570390587
99.04016871373328
44.61965934238504
112.96769243910202
32.23963825316839
129.47438722472424
28.112964556762833
147.52858464649853
29.660467192914915
165.06694785622213
38.429648797776714
179.51030579364158
51.32550409904407
191.89032688285823
67.83219888466628
199.11200585156794
85.88639630644057
203.2386795479735
104.97226215231626
205.81785060822696
124.57396221024264
205.81785060822696
144.6914964802197
73.76429232324926
152.9448438730308
82.53347392811106
158.10318599353775
93.88182659322634
158.10318599353775
105.23017925834161
155.0081807212336
116.06269771140619
150.88150702482804
137.21190040548464
152.9448438730308
150.107755706752
159.65068862968985
163.51944522007005
163.2615281140447
177.96280315748947
162.2298596899433
189.82699003465544
155.0081807212336
127.41105037652146
139.53315435971277
126.89521616447077
126.12146484639472
126.37938195242008
112.70977533307668
126.37938195242008
99.29808581975863
116.06269771140619
92.5922410630996
121.73687404396382
90.52890421489683
127.92688458857215
88.98140157874474
134.63272934523118
90.52890421489683
140.8227398898395
92.0764068510489
85.62847920041523
136.9539832994593
93.88182659322634
140.56482278381415
103.68267662218953
140.56482278381415
112.45185822705133
133.85897802715513
103.16684241013883
131.27980696690167
92.85015816912495
131.27980696690167
149.0760872826506
134.89064645125652
157.32943467546173
141.59649120791553
167.64611891647561
143.14399384406764
176.4153005213374
139.53315435971277
169.70945576467838
133.85897802715513
159.3927715236645
132.82730960305375
105.23017925834161
69.37970152081836
112.96769243910202
74.02220942927461
121.22103983191313
76.60138048952808
127.41105037652146
74.5380436413253
134.63272934523118
76.60138048952808
144.94941358624507
73.50637521722392
155.78193203930962
68.34803309671697
145.46524779829576
61.64218834005795
136.18023198138326
58.031348855703094
128.44271880062286
58.031348855703094
121.73687404396382
59.063017279804484
113.48352665115272
63.18969097621004
109.87268716679786
69.37970152081836
121.22103983191313
69.37970152081836
127.92688458857215
68.34803309671697
135.14856355728188
69.37970152081836
151.6552583429041
68.34803309671697
135.14856355728188
68.34803309671697
128.44271880062286
67.83219888466628
121.73687404396382
69.37970152081836
