77.75943533280595
147.5786466351493
78.30703699007923
131.69819857422416
80.49744361917236
115.817750513299
83.78305356281204
99.93730245237384
88.71146847827157
83.5092527341754
98.02069665191736
68.72400798779681
108.97272979738298
54.48636489869149
121.56756791466846
40.79632346685946
137.44801597559362
34.77270523685336
154.42366735106535
36.96311186594649
171.94692038381035
46.819941696865556
186.73216513018895
59.96238147142431
198.77940159020113
75.84282953234947
206.44582479202705
93.36608256509447
210.82663805021332
111.98453891238603
215.20745130839956
130.0553936024043
216.8502562802194
148.6738499496959
78.85463864735252
162.91149303880118
87.61626516372502
167.83990795426072
98.56829830919064
167.29230629698745
108.97272979738298
162.91149303880118
118.82955962830205
156.3402731515218
154.42366735106535
157.4354764660684
167.0185054683508
163.4590946960745
179.61334358563627
166.74470463971417
192.20818170292173
166.1971029824409
203.70781650566065
161.81628972425463
135.2576093465005
145.38824000605618
134.16240603195394
132.79340188877072
133.06720271740735
119.65096211421196
132.51960106013408
106.50852233965321
122.66277122921501
101.58010742419368
127.59118614467455
98.84209913782728
133.61480437468063
96.10409085146087
140.7336259192333
98.84209913782728
147.30484580651267
101.03250576692041
91.99707842191127
145.93584166332948
100.21110328101048
150.31665492151572
110.06793311192955
149.22145160696917
117.73435631375548
142.1026300624165
108.4251281401097
140.45982509059667
98.56829830919064
141.00742674786994
160.44728558107144
141.55502840514322
169.75651375471722
147.5786466351493
180.16094524290955
147.5786466351493
188.37497010200877
142.6502317196898
180.70854690018282
138.8170201187768
170.3041154119905
138.8170201187768
110.06793311192955
84.05685439144868
120.47236460012189
84.05685439144868
128.68638945922112
84.05685439144868
136.35281266104704
81.86644776235556
144.56683752014627
83.5092527341754
155.5188706656119
82.96165107690211
168.66131044017064
82.96165107690211
156.61407398015845
69.81921130234338
145.11443917741954
64.89079638688384
136.35281266104704
64.34319472961056
128.68638945922112
65.43839804415713
119.92476294284862
70.91441461688993
114.99634802738908
81.31884610508227
128.68638945922112
79.67604113326243
136.35281266104704
78.58083781871586
144.56683752014627
79.12843947598915
164.2804971819844
81.31884610508227
145.11443917741954
73.10482124598306
136.90041431832034
72.55721958870977
129.2339911164944
74.20002456052961
