67.78847853282667
138.46716351472736
68.31397061447649
120.6004327386335
70.41593894107577
102.73370196253964
75.14536767592413
85.39246326809561
83.02774890067143
69.62770081860104
93.012098452018
55.43941461405592
105.09841632996383
42.82760465446026
118.76121045285913
32.317763021463875
134.52597290235371
28.639318449915145
151.34171951514793
31.26677885816424
167.10648196464248
40.20014424621117
181.29476816918762
51.76097004250719
192.85559396548362
65.9492562470523
200.7379751902309
82.2395107781967
205.46740392507928
101.1572257175902
208.0948643333284
120.07494065698367
208.6203564149782
138.99265559637718
74.61987559427432
151.078973474323
83.55324098232124
157.91037053577065
95.63955886026709
157.91037053577065
107.72587673821293
155.28291012752155
118.76121045285913
149.50249722937355
145.03581453535008
149.50249722937355
157.64762449494575
155.8084022091714
170.78492653619122
158.43586261742047
184.4477206590865
158.43586261742047
195.48305437373273
152.65544971927247
131.3730204124548
137.4161793514277
130.84752833080498
124.27887731018222
129.79654416750532
110.61608318728693
129.2710520858555
97.47878114604146
117.18473420790967
91.69836824789344
123.4906391877075
88.54541575799453
130.32203624915516
85.91795534974543
138.20441747390242
88.54541575799453
145.5613066169999
91.69836824789344
88.28266971716961
140.56913184132662
96.1650509419169
145.8240526578248
106.67489257491329
144.77306849452518
114.55727379966058
135.83970310647825
105.62390841161366
134.78871894317862
95.11406677861727
135.31421102482844
153.4436878417472
135.83970310647825
161.8515611481443
144.77306849452518
172.36140278114067
145.8240526578248
181.29476816918762
141.09462392297644
173.93787902609014
135.31421102482844
163.42803739309375
134.78871894317862
108.77686090151256
69.10220873695121
116.65924212625985
73.30614539014977
125.06711543265696
76.45909788004869
131.3730204124548
73.8316374717996
138.72990955555227
76.45909788004869
148.71425910689882
72.78065330849995
159.2241007398952
68.5767166553014
149.23975118854864
60.69433543055411
139.7808937188519
57.01589085900538
131.8985124941046
56.49039877735556
124.54162335100713
57.5413829406552
116.65924212625985
60.69433543055411
112.98079755471112
68.5767166553014
125.06711543265696
69.62770081860104
131.3730204124548
68.5767166553014
139.25540163720208
69.62770081860104
154.49467200504682
68.5767166553014
139.25540163720208
69.10220873695121
131.8985124941046
68.05122457365158
125.06711543265696
69.10220873695121
