55.559437530175735
140.1387598417379
57.04763674973402
120.29610358096086
61.016168001889426
100.45344732018381
67.46503128664196
82.59505668548447
76.39422660399164
66.2248652703434
88.29982036045787
51.83893948128004
100.70148052344352
38.44514650525553
114.09527349946804
28.02775196834758
129.47333210157024
25.54741993575045
143.36319148411417
29.019884781386434
155.76485164709985
39.93334572481381
166.6783125905272
54.31927151387717
176.1035743143963
69.20126370945995
183.5445704121877
85.0753887180816
189.0013008839014
102.43771294626151
193.4658985425762
120.79216998748028
194.9540977621345
139.6426934352185
66.47289847360311
150.55615437864586
79.37062504310819
154.02861922428184
93.26048442565212
152.04435359820414
106.1582109951572
147.08368953300987
117.07167193858459
140.1387598417379
142.37105867107533
143.6112246873739
153.2845196145027
149.564021565607
165.19011337096893
153.53255281776242
176.59964072091574
154.02861922428184
187.0170352578237
150.55615437864586
129.96939850808968
129.72136530482996
130.4654649146091
115.3354395157666
131.45759772764794
100.45344732018381
131.95366413416738
85.57145512460102
116.07953912554574
81.60292387244561
123.52053522333713
79.12259183984848
130.96153132112852
76.64225980725135
137.90646101240048
78.62652543332905
143.85925789063361
81.10685746592618
80.36275785614704
133.19383015046594
89.29195317349672
136.66629499610193
99.70934771040467
135.17809577654364
108.14247662123492
128.7292324917911
98.71721489736582
127.24103327223283
88.29982036045787
127.73709967875226
147.82778914278902
129.22529889831054
156.26091805361926
135.67416218306306
166.1822461840078
136.66629499610193
174.1193086883186
133.68989655698536
167.67044540356605
128.23316608527168
158.24518367969696
127.73709967875226
103.18181255604065
62.75240042470742
113.5992070929486
64.73666605078512
123.52053522333713
66.72093167686283
129.47333210157024
64.2405996442657
136.4182617928422
66.2248652703434
144.85139070367245
63.74453323774627
153.78058602102212
61.76026761166857
144.85139070367245
51.83893948128004
136.4182617928422
47.87040822912463
128.97726569505082
46.87827541608578
122.52840241029827
47.3743418226052
112.60707427990975
51.83893948128004
107.64641021471549
60.76813479862971
123.0244688168177
60.272068392110285
129.47333210157024
59.279935579071434
136.4182617928422
60.272068392110285
149.3159883623473
60.272068392110285
135.92219538632278
59.77600198559086
129.47333210157024
58.78386917255201
123.0244688168177
59.77600198559086
