31.525258886497575
128.68892993219532
32.936837642609404
109.39735359866695
33.87789014668396
88.69419850902676
38.58315266705673
67.99104341938656
49.40525646391411
51.05209834604458
66.81472778929337
38.34788954103809
85.63577787078445
27.996311996217994
104.92735420431282
19.997365711584283
121.8662992776548
19.056313207509728
136.4526130908104
23.291049475845224
146.8041906356305
35.99525828085171
155.2736631723015
49.640519589932744
162.33155695286064
63.75630715105106
167.0368194732334
78.34262096420666
171.2715557415689
92.45840852532497
171.74208199360618
107.04472233848057
169.85997698545708
122.10156240367344
62.57999152095787
140.45208623312726
74.3431478218898
147.03945376164913
88.45893538300811
147.98050626572368
102.57472294412644
145.15734875350003
115.7494580011702
139.98155998109
141.15787561118316
139.51103372905268
149.15682189581688
144.68682250146276
157.62629443248787
147.98050626572368
166.09576696915886
148.92155876979825
171.74208199360618
143.2752437453509
128.45366680617667
124.9247199158971
129.86524556228852
113.63208986700245
131.27682431840034
102.80998607014507
133.15892932654944
91.9878822732877
114.33787924505836
82.10683098050488
121.39577302561753
79.7541997203185
128.92419305821397
78.34262096420666
135.04103433469857
80.22472597235577
140.2168231071086
83.04788348457943
79.04841034226257
123.98366741182255
87.98840913097084
129.1594561842326
97.86946042375367
128.68892993219532
106.80945921246193
121.63103615163617
97.39893417171639
119.74893114348706
87.04735662689629
119.74893114348706
137.39366559488494
122.10156240367344
145.39261187951865
129.62998243626987
154.33261066822692
130.10050868830714
160.91997819674881
125.86577241997166
155.74418942433877
121.16050989959888
146.3336643835932
120.6899836475616
92.6936716513436
63.28578089901379
107.2799854644992
65.1678859071629
121.39577302561753
67.52051716734928
128.45366680617667
66.10893841123745
134.09998183062402
67.99104341938656
142.09892811525773
65.63841215920017
148.21576939174233
63.28578089901379
141.62840186322043
52.934203354193684
133.62945557858674
48.228940833820914
127.04208805006485
47.28788832974636
119.51366801746842
47.75841458178364
106.33893296042466
53.404729606230966
96.9284079196791
61.87420214290196
120.92524677358024
59.05104463067829
127.98314055413941
58.109992126603736
134.09998183062402
59.05104463067829
143.98103312340683
61.87420214290196
133.62945557858674
59.521570882715565
127.98314055413941
58.109992126603736
120.45472052154297
58.58051837864102
