61.449949302077044
125.22363618280406
62.482721559254806
109.2156661965487
65.5810383307881
93.72408233888221
68.6793551023214
77.19972622403796
73.84321638821022
62.22452849496037
84.17093895998788
48.282103023060536
98.6297505604766
37.437994322693996
115.67049280390972
28.143044008094108
132.71123504734285
24.52834110797193
148.71920503359823
26.59388562232746
164.72717501985358
36.405222065516234
176.60405597739788
48.282103023060536
185.89900629199778
62.22452849496037
191.5792537064755
77.19972622403796
195.19395660659765
92.69131008170444
198.80865950671983
108.18289393937093
199.32504563530873
124.70725005421518
75.39237477397687
148.97739809789266
84.17093895998788
156.7231900267259
96.56420604612107
160.33789292684807
109.99024538943202
159.30512066967032
120.83435408979855
153.6248732551926
149.75197729077598
153.10848712660373
160.07969986255364
159.30512066967032
172.47296694868683
160.33789292684807
183.83346177764224
156.20680389813703
191.0628675778866
147.9446258407149
134.7767795616984
139.68244778329276
134.2603934331095
127.2891806971596
134.2603934331095
115.41229973961528
133.7440073045206
103.0190326534821
121.35074021838744
94.24046846747109
127.03098763286515
91.65853782452668
132.71123504734285
89.07660718158226
138.90786859040944
90.62576556734892
144.58811600488715
92.69131008170444
88.30202798869894
136.0677448831706
96.04781991753218
142.2643784262372
106.37554248930984
142.2643784262372
115.67049280390972
134.51858649740396
106.37554248930984
134.00220036881507
96.04781991753218
133.48581424022618
151.81752180513152
133.48581424022618
160.59608599114253
141.7479922976483
170.9238085629202
141.23160616905943
178.15321436316452
134.51858649740396
171.44019469150905
131.93665585445953
161.1124721197314
132.45304198304842
102.76083958918765
75.65056783827131
114.12133441814308
78.23249848121573
124.96544311850961
79.2652707383935
132.71123504734285
77.71611235262685
140.97341310476497
79.2652707383935
151.30113567654263
77.19972622403796
162.14524437690918
74.10140945250467
151.30113567654263
62.22452849496037
140.97341310476497
58.609825594838185
132.71123504734285
58.09343946624931
123.93267086133184
59.12621172342707
113.6049482895542
64.2900730093159
107.92470087507648
73.58502332391579
124.44905698992073
69.97032042379361
132.71123504734285
69.45393429520472
140.97341310476497
69.45393429520472
156.46499696243146
72.03586493814913
140.97341310476497
70.48670655238249
132.71123504734285
69.97032042379361
124.44905698992073
71.00309268097138
