63.16505099831515
145.22784266415903
64.71828995729011
125.55348251714283
66.7892752359234
106.91461500944327
68.34251419489837
87.7580011820854
73.00223107182325
69.63687999404416
83.874903784648
54.62223672395286
97.33630809576434
40.64308609317819
112.86869768551396
29.25266706069513
130.47207255389688
26.146189142745207
148.07544742227978
28.734920741036813
165.16107597100438
38.57210081454491
180.1757192410957
50.48026616668629
193.11937723255372
65.4949094367776
199.85007938811188
84.13377694447715
202.4388109864035
104.32588341115166
204.50979626503678
124.51798987782618
206.58078154367004
145.22784266415903
69.89575315387333
148.33432058210894
78.69744058806478
155.58276905732544
90.60560594020616
157.1360080163004
103.03151761200587
154.5472764180088
114.93968296414725
149.8875595410839
143.93347686501323
151.9585448197172
157.39488117612956
156.6182616966421
170.33853916758758
158.68924697527538
183.2821971590456
157.65375433595872
193.63712355221202
150.92305218040056
130.9898188735552
137.97939418894254
130.9898188735552
125.03573619748451
130.9898188735552
112.09207820602649
130.9898188735552
99.14842021456846
116.49292192312221
95.00644965730189
123.22362407868039
91.89997173935197
130.9898188735552
88.79349382140204
139.27375998808833
91.89997173935197
146.0044621436465
94.48870333764357
85.42814274362296
137.4616478692842
93.19433753849776
142.1213647462091
103.54926393166419
141.60361842655078
111.83320504619732
134.3551699513343
102.51377129234754
132.80193099235933
92.67659121883945
133.31967731201763
151.69967165988803
135.39066259065092
159.98361277442118
142.6391110658674
170.33853916758758
143.15685738552574
178.1047339624624
138.49714050860086
171.37403180690424
134.3551699513343
161.53685173339613
133.83742363167596
96.3008154564477
83.0982843051605
109.76221976756403
81.54504534618555
122.18813143936374
80.5095527068689
130.9898188735552
78.95631374789394
139.79150630774666
80.5095527068689
152.73516429920468
81.02729902652723
166.196568610321
81.54504534618555
153.25291061886298
66.53040207609423
140.309252627405
60.31744624019439
130.47207255389688
59.79969992053607
121.1526388000471
60.31744624019439
108.72672712824739
66.53040207609423
101.99602497268923
79.99180638721059
122.18813143936374
74.81434319062737
130.9898188735552
73.77885055131074
139.79150630774666
74.29659687096905
160.5013590940795
78.95631374789394
139.79150630774666
69.63687999404416
130.47207255389688
69.11913367438585
122.18813143936374
69.63687999404416
