70.559712823765
147.31359891068496
71.63696034779196
129.00039100222685
75.40732668188626
111.22580685578224
79.17769301598058
92.91259894732414
84.56393063611532
75.676638562893
94.25915835235783
59.5179257024888
106.64750487866772
45.5137078901385
121.1903464530315
34.741232649869026
138.42630683746265
31.50949007778819
156.73951474592073
34.741232649869026
172.89822760632492
44.43646036611155
186.90244541867523
57.36343065443491
198.2135444209582
72.44489599081216
204.1384058031064
90.21948013725678
207.90877213720069
107.9940642837014
211.679138471295
126.84589595417296
213.8336335193489
145.69772762464453
75.94595044389973
157.00882662692746
86.17980192215573
164.0109355331026
99.64539597249257
163.47231177108915
111.49511873678898
159.16332167498138
124.42208902511233
154.3157078168601
146.50566326766474
154.3157078168601
159.97125731800156
159.70194543699483
173.97547513035187
164.0109355331026
189.05694046672915
164.0109355331026
201.44528699303902
157.00882662692746
134.65594050336833
143.54323257659064
134.11731674135484
130.61626228826728
133.57869297934138
117.68929199994392
132.50144545531444
104.22369794960709
123.34484150108538
97.22158904343193
128.73107912122012
94.52847023336457
134.11731674135484
92.37397518531067
140.04217812350305
94.52847023336457
145.96703950565126
96.68296528141846
90.48879201826351
143.00460881457715
98.56814844846562
147.85222267269842
108.26337616470813
146.77497514867147
116.34273259491023
140.3114900045098
107.18612864068119
139.77286624249632
98.02952468645215
139.77286624249632
158.35538603196116
140.3114900045098
166.43474246216326
146.77497514867147
176.66859394041924
147.31359891068496
184.74795037062134
143.00460881457715
177.20721770243273
139.77286624249632
168.05061374820366
139.77286624249632
111.49511873678898
75.676638562893
120.11309892900455
81.06287618302774
128.19245535920666
83.7559949930951
134.65594050336833
81.60149994504121
141.11942564753
83.7559949930951
151.353277125786
80.52425242101425
163.20299989008242
76.21526232490648
151.89190088779947
68.67452965671785
142.19667317155697
64.90416332262353
134.65594050336833
63.82691579859659
127.65383159719318
64.90416332262353
119.57447516699108
68.67452965671785
115.80410883289676
75.13801480087953
128.19245535920666
75.676638562893
134.65594050336833
75.13801480087953
141.65804940954348
75.676638562893
157.81676226994767
75.13801480087953
141.65804940954348
75.13801480087953
134.65594050336833
74.59939103886606
128.19245535920666
75.676638562893
