75.05996685804814
119.86849252785264
72.33051351775548
104.856499156243
72.78542240780426
88.93468800453583
76.42469352819447
74.37760352297498
82.33850909882857
59.82051904141412
89.61705133960899
45.26343455985327
97.3505024704382
30.251441188243646
105.53886249131618
17.059083376829122
119.18612919277948
12.509994476341356
136.47266701463298
14.78453892658524
155.12393150663283
22.972898947463218
173.3202871085839
33.89071230863386
189.69700715033986
47.08307012004838
200.6148205115105
63.91469905185311
205.61881830204703
83.93069021399928
206.98354497219336
105.31140804629179
207.89336275229093
127.14703476863306
72.33051351775548
139.8844836899988
76.87960241824325
144.43357259048656
84.61305354907245
143.06884592034024
92.80141356995043
140.3393925800476
100.53486470077964
135.79030367955983
120.5508558629258
137.15503034970615
133.28830478429154
142.1590281402427
146.93557148575485
143.06884592034024
160.58283818721816
140.79430147009637
171.5006515483888
133.51575922931593
110.08795139180394
120.32340141790142
108.26831583160883
109.86049694677955
105.99377138136495
99.39759247565769
103.71922693112107
88.02487022443827
95.0759580201943
81.20123687370662
100.53486470077964
77.56196575331641
107.81340694156006
75.28742130307253
116.45667585248681
77.56196575331641
125.09994476341357
79.38160131351152
80.97378242868224
121.68812808804775
86.43268910926756
126.69212587858429
95.0759580201943
125.78230809848674
102.80940915102352
118.50376585770631
94.62104913014554
116.22922140746243
85.97778021921879
116.6841302975112
131.01376033404767
118.50376585770631
138.74721146487687
126.23721698853551
148.75520704594996
126.23721698853551
157.85338484692548
121.23321919799896
149.6650248260475
116.22922140746243
139.6570292449744
115.77431251741365
92.34650467990166
58.4557923712678
97.80541136048697
60.73033682151168
104.62904471121863
61.64015460160923
110.08795139180394
59.365610151365345
116.45667585248681
60.2754279314629
129.64903366390135
58.4557923712678
143.75120925541341
56.63615681107269
130.5588514439989
46.628161229999606
117.82140252263315
43.44379899965817
110.54286028185273
43.44379899965817
104.62904471121863
44.808525669804496
97.80541136048697
48.902705680243486
95.98577580029186
57.54597459117024
104.62904471121863
55.72633903097513
110.08795139180394
54.36161236082881
116.9115847425356
54.816521250877585
138.74721146487687
56.18124792102391
116.9115847425356
53.45179458073125
110.08795139180394
53.90670347078003
104.62904471121863
55.27143014092636
