64.49116488556817
126.39326840711718
66.37411860485483
108.5052080738939
69.19854918378482
91.08788617049227
73.90593348200147
73.67056426709064
83.32070207843479
58.60693451279735
96.03063968361975
45.89699690761238
107.32836199933972
32.245582442784084
118.15534588523803
18.594167977955784
132.277498779888
14.828260539382462
148.2826053938246
18.12342954813412
161.93401985865293
30.833367153319088
173.2317421743729
45.42625847779072
184.52946449009286
62.372841951370674
192.53201779706117
80.26090228459397
195.35644837599116
99.09043947746058
195.35644837599116
118.39071510014887
194.8857099461695
138.1617291526588
68.72781075396315
134.39582171408549
71.08150290307148
145.2228055999838
80.96700992932647
148.9887130385571
91.79399381522477
146.63502088944878
103.5624545607664
141.92763659123213
128.040852911493
142.86911345087546
141.22152894649963
148.04723617891378
155.34368184114962
149.45945146837877
168.9950963059779
145.69354402980545
177.46838804276788
135.80803700355048
115.33091530630804
124.03957625800885
114.86017687648638
107.56373121425055
114.38943844666471
91.55862460031393
113.91870001684305
75.5535179863773
104.03319299058806
74.61204112673397
110.15279257826973
69.90465682851732
118.15534588523803
67.08022624958733
126.15789919220634
70.84613368816065
133.21897563953132
75.5535179863773
80.4962714995048
124.98105311765218
86.14513265736478
129.68843741586883
96.03063968361975
129.21769898604717
103.09171613094473
122.15662253872219
94.61842439415476
118.86145352997053
85.20365579772145
119.3321919597922
135.57266778863965
122.15662253872219
143.1044826657863
128.7469605562255
152.98998969204126
129.68843741586883
160.9925429990096
125.45179154747385
154.4022049815063
119.3321919597922
144.04595952542962
118.86145352997053
100.7380239818364
55.311765504045695
108.26983885898306
55.78250393386736
115.33091530630804
57.194719223332356
121.45051489398969
56.253242363689026
127.57011448167134
58.60693451279735
137.92635993774797
59.54841137244068
149.6948206832896
61.43136509172734
141.6922673763213
48.25068905672071
132.277498779888
41.660351039217396
125.21642233256301
40.718874179574065
118.6260843150597
40.718874179574065
110.62353100809139
44.48478161814739
105.44540828005306
53.42881178475903
115.80165373612971
52.4873349251157
121.92125332381136
52.4873349251157
128.51159134131467
53.89955021458069
145.92891324471628
59.54841137244068
130.39454506060133
51.0751196356507
124.27494547291968
49.662904346185705
117.68460745541637
50.604381205829036
