58.78093712208699
139.79640263383297
60.31435287309795
119.86199787069042
63.38118437511988
99.92759310754788
67.47029304448246
80.50432692807566
73.092817464856
63.12561508328472
83.82672772193274
47.79145757317507
98.13860806470176
35.01299298141703
113.98390415848172
24.790221308010597
131.36261600327265
23.256805556999634
148.23018926439326
27.345914226362208
162.5420696071623
38.590963067109286
174.80939561525
52.90284340987829
182.98761295397514
69.7704166709989
188.09899879067837
86.1268513484492
191.6769688763706
101.97214744222916
194.74380037839254
119.3508592870201
195.7660775457332
136.72957113181104
73.60395604852631
151.04145147458004
83.31558913826242
159.2196688133052
96.6051923136908
160.24194598064582
109.38365690544883
156.66397589495358
121.65098291353655
149.50803572356907
146.6967735133823
147.97461997255812
157.94182235412939
154.10828297660197
169.69800977854678
157.6862530622942
181.9653357866345
158.19739164596453
191.6769688763706
151.04145147458004
135.45172467263524
135.19615538080006
135.96286325630555
120.88427503803106
136.47400183997587
106.57239469526206
136.47400183997587
91.74937576882273
120.6287057461959
87.14912851578984
127.7846459175804
85.61571276477888
135.45172467263524
82.54888126275694
142.60766484401972
84.59343559743823
148.7413278480636
86.63798993211951
88.93811355863596
136.72957113181104
95.58291514635015
141.84095696851426
105.29454823608626
141.32981838484392
113.98390415848172
133.66273962978912
104.27227106874561
133.66273962978912
95.07177656267982
133.66273962978912
150.78588218274487
133.66273962978912
158.96409952147002
140.30754121750329
168.16459402753583
141.32981838484392
176.34281136626097
136.21843254814073
169.18687119487646
134.17387821345943
159.98637668881068
133.15160104611877
103.24999390140496
68.74813950365827
115.00618132582237
71.30383242200986
125.74009158289913
73.34838675669116
134.42944750529458
71.30383242200986
141.5853876766791
73.85952534036147
151.2970207664152
71.81497100568019
160.497515272481
68.23700091998793
150.78588218274487
61.59219933227376
141.5853876766791
59.03650641392215
133.40717033795394
58.01422924658151
124.71781441555848
58.525367830251824
113.98390415848172
62.103337915944074
107.33910257076754
67.72586233631762
125.74009158289913
67.72586233631762
133.91830892162426
66.19244658530666
141.5853876766791
67.21472375264729
157.43068377045907
67.72586233631762
141.5853876766791
67.21472375264729
133.40717033795394
66.19244658530666
124.71781441555848
67.21472375264729
