68.81142319674669
125.35227792134624
66.88662814229224
111.39751377655146
67.84902566951946
96.96155086814306
71.69861577842838
82.52558795973466
76.99180217817812
67.12722752409904
84.69098239599593
53.17246337930426
94.31495766826819
39.21769923450948
104.90133046776768
24.781736326101083
120.78088966701692
20.45094745357856
139.06644268433422
21.41334498080579
159.27679075610598
28.150127671396373
179.0059400642641
37.77410294366864
196.3290955543542
51.24766832484981
207.3966671174673
68.57082381493989
211.2462572263762
89.26237065032525
212.20865475360344
108.9915199584834
213.17105228083065
129.68306679386876
70.25501948758753
140.26943959336825
76.0294046509509
147.00622228395883
85.65337992322316
147.48742104757247
95.27735519549542
145.562625993118
104.90133046776768
141.7130358842091
126.07407606676666
142.1942346478227
140.02884021156146
147.96861981118607
153.98360435635624
150.37461362925413
168.90076602837826
149.41221610202692
182.3743314095594
143.15663217504994
115.00650450365356
128.23947050302792
114.04410697642633
117.17189893991483
112.11931192197189
106.10432737680172
110.19451686751744
94.555557050075
102.49533664969962
86.85637683225718
107.78852304944937
83.48798548696189
114.04410697642633
81.08199166889383
121.74328719424415
83.96918425057551
129.92366617567558
85.89397930502996
81.32259105070064
126.31467544857347
88.05937374129122
131.1266630847096
96.72095148633626
131.1266630847096
104.90133046776768
124.87107915773264
96.23975272272264
122.94628410327819
87.096976214064
122.94628410327819
139.06644268433422
125.83347668495986
147.72802042937926
132.08906061193684
157.35199570165153
132.08906061193684
165.53237468308296
128.23947050302792
157.83319446526514
124.38988039411902
148.6904179566065
123.90868163050541
93.83375890465459
69.53322134216711
101.5329391224724
70.49561886939433
109.2321193402902
72.4204139238488
115.48770326726718
70.49561886939433
122.70568472147137
71.93921516023518
136.66044886626617
70.01442010578073
152.5400080655154
68.08962505132627
137.14164762987977
56.540854724599555
123.18688348508499
50.7664695612362
115.48770326726718
50.28527079762258
108.26972181306297
51.24766832484981
101.5329391224724
57.02205348821317
98.64574654079071
67.12722752409904
109.2321193402902
65.68363123325821
115.48770326726718
65.20243246964459
122.70568472147137
65.20243246964459
147.72802042937926
66.64602876048544
123.18688348508499
61.8340411243493
115.48770326726718
61.352842360735686
109.2321193402902
62.31523988796291
