61.045071217308525
122.78913179970074
61.9770570374201
104.61540830752492
62.90904285753169
85.9756919052933
64.77301449775484
68.73395423322907
69.43294359831275
51.026223651109035
76.8888301592054
33.784485979044796
87.14067418043278
20.270691587426878
100.6544685720507
10.950833386311071
118.36219915417072
8.154875925976329
137.00191555640234
10.48484047625528
154.24365322846657
18.406719947203715
170.08741217036345
30.056542698598474
181.2712420117024
45.90030164049534
188.26113566253926
64.07402513267117
191.9890789429856
83.17973444495856
193.85305058320876
102.28544375724596
194.31904349326453
121.85714597958915
63.841028677643266
129.3130325404818
68.96695068825696
139.09888365165338
80.61677343965171
144.22480566226707
93.66457492121384
144.69079857232288
106.71237640277597
141.42884820193234
126.28407862511916
140.96285529187656
140.72985883684865
145.62278439243445
156.10762486868973
145.15679148237868
170.08741217036345
138.6328907415976
178.00929164131188
126.98306799020284
115.56624169383599
127.91505381031443
114.6342558737244
116.73122396897546
113.70227005361282
105.5473941276365
112.77028423350124
93.89757137624174
101.12046148210649
83.64572735501436
106.71237640277597
80.84976989467961
113.70227005361282
78.51980534440067
121.62414952456126
80.84976989467961
129.0800360854539
83.64572735501436
77.82081597931698
125.58508926003547
84.34471672009803
129.3130325404818
92.26659619104647
129.3130325404818
101.12046148210649
125.11909634997969
93.19858201115805
123.25512470975653
84.81070963015382
123.25512470975653
136.06992973629076
124.18711052986811
144.457802117295
128.38104672037022
152.84567449829922
127.44906090025863
160.30156105919184
123.72111761981232
152.84567449829922
121.39115306953336
143.99180920723919
121.85714597958915
91.3346103709349
61.27806767233642
100.6544685720507
59.880088942169046
108.57634804299913
59.41409603211326
115.56624169383599
58.01611730194589
123.02212825472863
59.880088942169046
133.7399651860118
59.41409603211326
147.71975248768553
60.81207476228063
134.67195100612338
54.75416693155535
123.9541140748402
52.8901952913322
116.03223460389178
52.4242023812764
109.04234095305492
52.8901952913322
100.6544685720507
54.288174021499565
95.06255365138121
60.81207476228063
108.57634804299913
56.618138571778516
116.03223460389178
55.22015984161115
123.02212825472863
56.618138571778516
143.5258162971834
60.34608185222484
123.02212825472863
57.550124391890094
115.56624169383599
56.618138571778516
108.57634804299913
57.084131481834305
