68.71158291780759
144.18611691020254
69.25261900377457
126.3319260732919
71.95779943360952
107.39566306444729
76.28608812134543
89.54147222753666
83.31955723891629
72.76935356256
93.59924287228907
58.1613792414513
107.1251450214638
45.71754926421056
122.27415542853949
35.97889971680476
139.58731017948313
34.355791458903795
156.35942884445979
37.60200797470573
169.34429490766752
48.4227296940455
181.78812488490826
61.40759575725323
191.52677443231406
76.01557007836193
197.47817137795093
92.2466526573716
201.80646006568685
109.55980740831524
204.5116404955218
126.3319260732919
205.59371266745578
143.10404473826856
77.3681602932794
160.4171994892122
88.72991809858617
165.2865242629151
101.7147841617939
165.8275603488821
113.61757805306766
162.58134383308015
125.52037194434142
157.17098297341028
155.8183927584928
157.17098297341028
167.18015056379954
163.12237991904715
178.54190836910632
166.90963252081607
190.44470226038007
166.90963252081607
199.64231572181887
160.95823557517917
141.21041843738408
142.02197256633457
141.21041843738408
128.49607041715984
141.21041843738408
114.97016826798513
141.75145452335107
101.4442661188104
126.0614080303084
94.95183308720654
133.63591323384625
92.2466526573716
141.21041843738408
90.08250831350364
147.70285146898794
92.78768874333859
153.65424841462485
95.49286917317353
90.89406244245413
143.10404473826856
99.55063981792595
147.97336951197144
110.91239762323272
147.43233342600448
119.02793891273755
139.85782822246662
109.28928936533175
137.15264779263168
98.46856764599197
137.15264779263168
158.52357318832773
140.39886430843362
167.18015056379954
147.97336951197144
178.00087228313933
148.51440559793843
186.11641357264418
144.18611691020254
179.08294445507332
138.23471996456564
168.80325882170052
137.69368387859868
113.07654196710067
72.76935356256
123.35622760047346
77.0976422502959
133.09487714787926
80.34385876609784
139.04627409351613
78.17971442222989
146.079743211087
80.34385876609784
154.7363205865588
77.6386783362629
163.39289796203064
74.39246182046097
155.2773566725258
66.81795661692313
147.16181538302098
63.0307040151542
139.58731017948313
61.94863184322023
132.55384106191227
61.94863184322023
123.35622760047346
65.19484835902216
117.40483065483659
72.76935356256
132.55384106191227
73.31038964852699
139.04627409351613
72.76935356256
146.62077929705399
74.39246182046097
159.06460927429472
73.85142573449397
146.62077929705399
74.39246182046097
139.58731017948313
72.76935356256
133.09487714787926
73.85142573449397
