63.794392260537116
141.00585908380623
65.31330636197848
122.27258516602947
69.3637439658221
103.5393112482527
72.40157216870482
85.31234203095637
76.45200977254845
66.5790681131796
85.5654943811966
49.87101299732465
97.71680719272749
35.69448138387196
112.90594820714108
25.062082673782438
130.1203080234765
21.517949770419264
146.82836313933146
24.04947327282153
162.01750415374505
34.1755672824306
175.18142636623685
46.83318479444193
185.3075203758459
62.52863050933598
190.8768720811309
79.74299032567139
195.93991908593543
97.96995954296771
199.99035668977905
116.19692876026403
201.50927079122042
134.9302026780408
73.92048627014618
148.60042959101304
83.03397087879434
155.18239069725894
95.18528369032522
156.19500009821985
107.33659650185609
154.67608599677848
118.98160461290652
150.62564839293486
143.79053493644872
150.1193436924544
155.9418477479796
154.16978129629803
168.0931605595105
154.67608599677848
179.23186397008047
153.15717189533711
188.34534857872862
147.58782019005213
131.1329174244374
135.9428120790017
131.1329174244374
124.29780396795128
131.1329174244374
112.65279585690085
131.63922212491786
101.00778774585044
118.47529991242607
90.88169373624136
124.55095631819151
88.85647493431955
131.1329174244374
86.83125613239774
136.7022691297224
88.85647493431955
142.27162083500738
90.88169373624136
86.57810378215751
135.9428120790017
94.17267428936431
141.51216378428668
104.80507299945383
140.4995543833258
112.39964350666062
132.904983876119
103.28615889801247
130.87976507419717
93.16006488840341
130.87976507419717
149.3598866417337
132.39867917563853
156.95445714894052
139.99324968284535
167.58685585903004
140.4995543833258
175.68773106671728
134.42389797756036
168.59946525999095
129.86715567323625
158.4733712503819
129.86715567323625
103.28615889801247
64.55384931125779
113.41225290762154
70.62950571702324
122.5257375162697
74.67994332086685
129.10769862251558
72.65472451894505
136.19596442924194
74.67994332086685
145.81575373837055
70.62950571702324
154.42293364653824
64.04754461077734
145.81575373837055
54.42775530164873
136.19596442924194
49.36470829684419
129.10769862251558
48.35209889588329
122.01943281578924
49.36470829684419
112.90594820714108
53.41514590068782
107.84290120233655
64.04754461077734
122.5257375162697
68.60428691510143
129.10769862251558
68.09798221462097
136.19596442924194
68.09798221462097
150.37249604269462
63.54123991029689
136.19596442924194
59.49080230645326
129.10769862251558
58.47819290549236
122.01943281578924
58.984497605972805
