58.999731901909534
129.65067136428019
59.49552796831213
110.81042084098135
60.98291616751994
92.4659663840851
63.957692565935545
73.12991979438367
70.40304142916936
55.777057470292625
81.31055489002658
39.91158334540939
95.19284474929941
26.52508955253916
112.04991100698786
15.121780025279334
128.41118119827368
12.147003626863727
144.77245138955954
16.113372158084537
161.13372158084536
28.012477751746964
175.01601144011818
41.39897154461719
184.9319327681702
57.76024173590303
191.37728163140403
74.61730799359147
194.35205802981963
93.4575585168903
195.83944622902743
112.29780904018915
194.84785409622222
130.6422634970854
66.93246896435114
143.53296122355303
77.34418635880577
149.48251402038423
89.7390880188708
150.47410615318944
102.13398967893583
147.99512582117643
114.03309527259826
142.54136909074782
140.80608285833873
142.54136909074782
151.21780025279332
147.99512582117643
162.62110978005316
149.97831008678682
174.024419307313
150.47410615318944
184.43613670176762
146.50773762196863
127.41958906546849
130.14646743068278
127.41958906546849
116.75997363781256
127.41958906546849
103.37347984494232
127.41958906546849
89.4911899856695
114.52889133900085
84.03743325524088
120.97424020223467
81.06265685682528
127.41958906546849
78.08788045840967
134.3607339951049
81.06265685682528
140.80608285833873
84.03743325524088
83.29373915563698
130.6422634970854
91.2264762180786
135.6002241611114
101.14239754613062
135.1044280947088
109.07513460857224
127.17169103226718
99.65500934692282
126.67589496586459
90.730680151676
127.17169103226718
146.75563565516993
127.66748709866978
154.68837271761154
135.1044280947088
164.10849797926096
136.096020227514
171.5454389753
131.13805956348799
165.10009011206617
127.17169103226718
155.67996485041675
126.67589496586459
97.17602901490982
68.17195913035765
110.56252280778004
68.66775519676025
120.97424020223467
69.16355126316286
127.91538513187109
67.18036699755245
134.8565300615075
69.16355126316286
144.77245138955954
67.67616306395504
158.15894518242976
68.66775519676025
145.26824745596213
57.76024173590303
135.3523261279101
52.80228107187702
127.91538513187109
51.81068893907182
119.98264806942947
52.80228107187702
110.06672674137745
58.25603780230563
102.62978574533842
66.68457093114985
120.47844413583206
61.230814200721234
127.91538513187109
60.23922206791603
134.8565300615075
61.230814200721234
152.70518845200115
66.18877486474724
134.8565300615075
62.71820239992904
127.41958906546849
61.72661026712384
120.47844413583206
62.71820239992904
