66.45083179198596
157.483068840357
68.07158378691246
136.95354357128815
72.39358910671642
118.0447702971458
76.71559442652038
98.59574635802797
83.19860240622633
80.2272237488611
92.92311437578526
64.01970379959624
105.88913033519715
49.43293584525785
121.01614895451104
38.08767188077245
138.3041702337269
35.38641855589497
156.13244217791825
38.62792254574794
170.17895946728115
49.43293584525785
181.52422343176656
62.939202469645245
190.70848473635
79.14672241891012
196.65124205108043
96.97499436310147
200.9732473708844
115.88376763724382
205.29525269068836
135.87304224133717
207.45625535059034
155.8623168454305
76.1753437615449
157.483068840357
87.5206077260303
162.88557549011196
101.02687435041769
161.26482349518545
113.99289030982959
158.0233195053325
126.418655604266
152.62081285557753
152.3506875230898
152.62081285557753
164.23620215255067
158.0233195053325
176.1217167820116
161.26482349518545
188.547482076448
163.42582615508744
199.8927460409334
159.64407150025897
140.46517289362887
140.19504756114114
140.46517289362887
126.14853027177824
140.46517289362887
112.10201298241536
140.46517289362887
98.59574635802797
125.87840493929049
94.273741038224
132.90166358397192
91.57248771334652
139.3846715636779
88.87123438846903
145.86767954338384
91.57248771334652
151.8104368581143
93.7334903732485
90.76211171588328
143.4365515509941
99.9463730204667
147.21830620582259
110.75138631997662
146.67805554084708
119.39539695958455
138.57429556621463
109.13063432505012
136.41329290631265
98.32562102554022
136.95354357128815
158.83369550279573
138.57429556621463
167.47770614240366
146.67805554084708
178.28271944191357
147.75855687079806
186.9267300815215
143.4365515509941
179.90347143684005
137.49379423626365
169.09845813733014
136.41329290631265
111.2916369849521
79.14672241891012
121.01614895451104
80.2272237488611
130.20041025909447
81.8479757437876
136.6834182388004
79.14672241891012
143.70667688348186
80.76747441383661
152.8909381880653
78.60647175393463
163.1557008225997
76.98571975900813
153.43118885304077
66.18070645949823
144.24692754845734
62.39895180466975
136.6834182388004
61.858701139694254
129.11990892914346
62.939202469645245
119.93564762456005
68.3417091194002
115.61364230475607
77.52597042398364
129.66015959411897
74.82471709910615
136.6834182388004
73.74421576915516
143.70667688348186
73.74421576915516
158.83369550279573
75.36496776408164
143.70667688348186
73.74421576915516
136.6834182388004
73.20396510417966
129.66015959411897
74.82471709910615
