40.875015902187435
137.9531786698826
42.334837898694126
118.00227805095777
45.741089223876415
98.05137743203295
51.58037720990319
78.58708414527703
61.31252385328115
60.582612855027804
73.9643144896725
44.037963561285274
89.04914178690834
29.43974359621833
106.56700574498866
17.27456029199588
124.57147703523789
14.354916298982491
139.16969700030484
20.194204285009267
148.9018436436828
36.25224624658291
157.17416829055406
52.79689554032544
166.41970760176312
68.36833016973017
174.2054249164655
83.9397647991349
178.5848909059856
100.48441409287744
180.04471290249228
117.51567071878887
179.55810557032336
133.57371268036252
65.20538251063233
141.84603732723377
76.88395848268588
147.19871798109165
90.50896378341504
146.22550331675387
103.64736175197528
143.30585932374046
116.78575972053552
137.4665713377137
143.5491629898249
139.41300066638928
152.794702301034
145.25228865241607
162.52684894441194
149.14514730976725
171.2857809234521
151.57818397061175
178.09828357381667
147.19871798109165
130.89737235343358
125.30138803349125
131.87058701777136
110.7031680684243
133.33040901427808
96.59155543552626
134.79023101078477
82.47994280262822
115.81254505619773
80.04690614178372
124.084869703069
77.12726214877034
132.35719434994027
73.72101082358805
139.65630433247372
77.61386948093924
145.00898498633163
81.99333547045931
82.23663913654377
126.76121002999794
90.50896378341504
130.16746135518022
99.7545030946241
129.68085402301134
107.05361307715756
123.84156603698455
98.7812884302863
122.38174404047786
89.53574911907724
122.86835137264676
144.5223776541627
126.27460269782904
151.3348803045273
133.0871053481936
160.09381228356744
134.5469273447003
166.90631493393204
131.14067601951803
161.55363428007414
127.24781736216684
153.28130963320288
126.27460269782904
92.45539311209063
71.77458149491245
106.56700574498866
70.31475949840576
119.21879638138002
68.85493750189907
127.97772836042019
67.39511550539238
135.76344567512254
69.34154483406797
143.06255565765602
72.26118882708136
151.8214876366962
74.20761815575695
144.5223776541627
56.203146865507726
136.73666033946034
47.444214886467556
127.49112102825129
45.497785557791964
118.24558171704223
45.984392889960866
105.10718374848197
53.77011020466323
96.34825176944182
69.82815216623686
119.21879638138002
66.42190084105458
127.97772836042019
65.44868617671679
136.25005300729146
67.39511550539238
147.928628979345
71.28797416274357
136.25005300729146
56.68975419767662
127.49112102825129
53.77011020466323
118.24558171704223
54.74332486900103
