68.42387475339595
138.66201891313196
69.97896281597313
120.00096216220578
72.57077625360176
100.8215427237539
75.16258969123041
82.67884866035344
80.34621656648767
65.05451728447873
90.19510762947648
49.503636658706924
102.1174494425682
36.02620678303802
117.66833006834001
26.177315720049208
135.29266144421473
23.067139594894847
152.91699282008943
25.65895303252348
168.46787344586124
34.98948140798657
181.4269406340044
47.43018590860402
191.27583169699324
62.98106653437582
198.0145466348277
79.05030984767336
201.6430854475078
97.1930039110738
204.2348988851364
115.85406066199997
206.30834963523932
135.5518427879776
81.38294194153913
145.91909653849214
88.6400195668993
156.28635028900666
101.08072406751675
160.43325178921248
114.55815394318564
158.35980103910958
126.48049575627736
153.1761741638523
143.06810175710064
155.24962491395522
155.50880625771808
159.91488910168675
169.5045988209127
159.91488910168675
182.46366600905588
153.69453685137805
190.2391063219418
143.84564578838922
134.774298756689
140.21710697570913
134.25593606916328
127.25803978756596
133.73757338163756
113.78060991189706
133.2192106941118
100.30318003622816
122.33359425607155
93.04610241086799
127.51722113132882
89.93592628571362
133.73757338163756
87.86247553561071
139.95792563194627
89.93592628571362
145.65991519472928
91.4910143482908
94.86037181720803
139.18038160065768
102.1174494425682
144.36400847591494
110.41125244297983
142.80892041333777
117.66833006834001
136.07020547550331
109.8928897554541
134.51511741292614
101.08072406751675
135.5518427879776
152.91699282008943
135.03348010045187
159.6557077579239
141.77219503828633
167.94951075833552
141.77219503828633
175.2065883836957
136.07020547550331
168.98623613338697
132.96002935034895
160.69243313297534
132.96002935034895
110.92961513050557
66.09124265953018
119.74178081844292
68.68305609715881
128.55394650638027
71.27486953478746
134.25593606916328
69.20141878468455
141.51301369452344
70.75650684726172
150.32517938246082
67.64633072210736
159.6557077579239
64.536154596953
150.32517938246082
56.7607142840671
141.51301369452344
53.65053815891274
134.25593606916328
53.65053815891274
128.03558381885455
54.16890084643846
119.2234181309172
57.79743965911855
115.07651663071138
65.05451728447873
128.03558381885455
66.09124265953018
134.25593606916328
65.05451728447873
141.51301369452344
66.09124265953018
156.0271689452438
64.536154596953
141.51301369452344
62.98106653437582
134.25593606916328
62.4627038468501
128.55394650638027
63.49942922190155
