53.08881400471534
130.58900230624175
54.036828540513824
111.62871159027198
54.51083580841307
92.19441360640297
56.880872147909294
73.70813015833245
61.620944826901734
55.69585397816118
70.62708291698738
38.15758506588915
83.42527915026696
22.989352493113337
100.96354806253899
11.61317806353148
120.39784604640799
7.347112652438283
140.7801585660755
11.139170795632236
158.79243474624678
21.567330689415606
172.53864551532484
36.26155599429217
182.49279814120897
53.32581763866496
187.70687808810067
71.81210108673548
190.07691442759688
90.77239180270524
191.4989362312946
110.20668978657424
192.92095803499234
130.1149950383425
64.93899570219644
132.4850313778387
72.04910472068511
142.91319127162208
84.84730095396469
146.2312421469168
98.11950445514353
142.91319127162208
109.96968615262463
136.27708952103268
129.87799140439287
135.80308225313343
141.72817310187398
142.43918400372286
155.0003766030528
144.80922034321907
168.27258010423165
141.9651767358236
177.2787181943173
132.95903864573796
119.92383877850875
126.32293689514854
119.92383877850875
111.62871159027198
119.92383877850875
97.8825008211939
119.92383877850875
83.18827551631733
104.2815989378337
80.34423190892187
111.8657152242216
76.07816649782868
120.39784604640799
72.76011562253397
129.40398413649365
76.07816649782868
137.46210769078078
80.34423190892187
79.15921373917377
126.32293689514854
86.74333002556166
129.64098777044325
95.27546084774806
129.16698050254402
103.80759166993445
123.95290055565233
94.80145357984881
123.47889328775308
86.26932275766242
123.95290055565233
138.41012222657926
123.47889328775308
145.99423851296717
128.69297323464477
154.52636933515356
128.69297323464477
162.11048562154147
125.8489296272493
154.52636933515356
123.47889328775308
146.46824578086643
123.00488601985384
91.00939543665487
63.279970264549085
102.38556986623672
62.3319557287506
113.28773702791933
62.3319557287506
121.81986785010574
60.43592665715362
130.35199867229213
62.3319557287506
140.7801585660755
63.279970264549085
153.10434753145583
64.22798480034757
141.25416583397475
52.85181037076572
130.82600594019138
47.63773042387403
121.34586058220648
46.2157086201763
112.33972249212086
47.163723155974786
101.91156259833748
51.90379583496723
95.27546084774806
61.38394119295211
112.8137297600201
59.01390485345589
121.81986785010574
58.0658903176574
130.35199867229213
59.01390485345589
148.3642748524634
62.80596299664984
130.35199867229213
54.27383217446345
121.34586058220648
52.85181037076572
112.8137297600201
54.27383217446345
