50.06983303913656
143.3121241579368
52.62441635745986
123.3863742750151
56.20083300311247
103.97154105575807
60.7990829760944
84.55670783650103
69.4846662583936
66.67462460823798
81.74666618634541
49.81437470730423
96.56324943262052
36.53054145202311
113.93441599721892
25.80129151506527
131.81649922548198
23.246708196741977
147.6549157990864
28.355874833388565
160.42783239070286
40.617874761340374
172.17891565499002
55.43445800761548
180.86449893728923
70.76195791755525
186.99549890126514
88.13312448215365
191.0828322105824
106.0152077104167
193.63741552890568
122.87545761135044
194.14833219257034
140.24662417594885
71.01741624938758
147.39945746725408
82.25758285001007
153.53045743122996
95.03049944162655
154.55229075855928
108.31433269690767
151.48679077657133
120.06541596119482
144.84487414893078
149.69858245374505
143.82304082160147
159.40599906337354
149.44312412191272
169.62433233666673
154.04137409489462
180.35358227362457
154.55229075855928
188.01733222859446
148.93220745824806
136.4147491984639
131.56104089364965
137.9474991894579
117.2553743110392
139.48024918045186
102.94970772842875
141.01299917144584
88.6440411458183
122.61999927951811
86.60037449115967
130.283749234488
83.53487450917171
138.45841585312255
80.46937452718376
145.10033248076311
83.02395784550706
150.2094991174097
86.60037449115967
87.87766615032132
134.6265408756376
96.05233276895586
139.22479084861953
105.75974937858437
137.69204085762556
113.42349933355426
130.02829090265567
104.2269993875904
129.00645757532635
94.51958277796189
130.02829090265567
151.231332444739
130.02829090265567
158.89508239970888
138.20295752129022
168.09158234567275
139.7357075122842
175.75533230064264
135.64837420296692
170.13524900033138
131.050124229985
160.93874905436752
130.02829090265567
99.1178327509438
76.89295788153115
113.42349933355426
75.36020789053717
126.19641592517073
74.33837456320786
134.37108254380527
72.80562457221389
142.03483249877516
74.33837456320786
151.74224910840366
75.87112455420183
161.44966571803218
77.4038745451958
151.74224910840366
61.054541307926726
142.54574916243982
54.412624680286164
133.8601658801406
52.87987468929219
125.17458259784141
53.390791352956846
111.37983267889562
60.54362464426207
103.20516606026108
74.84929122687252
126.19641592517073
70.76195791755525
134.37108254380527
69.74012459022593
142.54574916243982
70.76195791755525
157.3623324087149
74.33837456320786
142.03483249877516
62.587291298920704
133.8601658801406
61.054541307926726
125.68549926150607
62.076374635256045
