91.34538363925589
121.55219039826906
88.92883909853482
109.46946769466379
88.92883909853482
95.93681826662589
91.8286925474001
81.92085993044377
96.6617816288422
68.87151941055006
101.01156180214011
55.822178890656375
106.81126869987064
41.32291164633004
111.64435778131275
27.79026221829213
121.79384485234118
21.023937504273178
137.74303882110013
21.50724641241739
158.042012963157
27.79026221829213
177.85767819706965
38.423058197464776
195.74010779840546
51.95570762550268
209.27275722644336
68.87151941055006
216.03908194046232
90.62042027703957
217.97231757303916
113.81924786796169
218.93893538932758
135.084839826307
91.8286925474001
143.30109126475855
93.27861927183272
147.65087143805647
97.62839944513063
147.65087143805647
102.94479743471695
145.71763580547963
107.77788651615906
142.33447344847013
114.544211230178
145.71763580547963
127.1102428419275
152.00065161135436
142.09281899439804
154.4171961520754
157.07539514686857
151.03403379506594
170.60804457490647
142.81778235661434
112.61097559760117
127.83520620414382
109.7111221487359
118.6523369494038
106.32795979172643
109.46946769466379
102.46148852657274
99.80328953177957
101.49487071028432
89.17049355260693
104.87803306729379
85.78733119559746
109.22781324059169
84.33740447116482
115.02752013832222
84.82071337930903
121.79384485234118
86.27064010374167
98.59501726141904
128.31851511228803
101.01156180214011
132.1849863774417
105.8446508835822
131.7016774692975
111.16104887316853
126.38527947971117
106.32795979172643
125.41866166342275
101.01156180214011
125.41866166342275
134.35987646409066
126.8685883878554
140.1595833618212
133.15160419373012
147.89252589212856
133.15160419373012
156.10877733058015
130.25175074486486
148.85914370841698
126.38527947971117
140.64289226996542
125.90197057156696
108.26119542430327
60.17195906395427
104.39472415914958
67.90490159426164
105.8446508835822
72.25468176755955
108.74450433244748
70.32144613498271
112.61097559760117
71.77137285941534
122.27715376048539
67.42159268611744
135.32649428037908
60.65526797209848
125.17700720935065
54.37225216622374
116.96075577089907
52.9223254417911
112.12766668945696
52.9223254417911
108.74450433244748
53.88894325807953
107.29457760801485
56.788796706944794
110.1944310568801
61.621885788386905
107.29457760801485
66.45497486982902
109.7111221487359
65.9716659616848
113.57759341388959
65.9716659616848
131.4600230152254
61.138576880242695
114.544211230178
61.138576880242695
110.1944310568801
61.138576880242695
107.77788651615906
62.105194696531115
