62.258925112958046
122.74625479587257
63.2712653586972
105.53647061830694
66.81445621878424
87.82051631787172
71.36998732461045
71.11690226317566
77.44402879904537
54.91945833134917
88.57977150217609
40.746694891001
102.75253494252426
30.623292433609446
117.431468505742
22.018400344826627
134.64125268330764
21.512230221957047
151.85103686087328
26.06776132778325
166.52997042409103
36.1911637851748
180.7027338644392
47.32690648830551
191.83847656756993
60.993499805784104
196.39400767339612
77.19094373761058
197.91251804200485
95.41306816091539
198.924858287744
111.61051209274187
198.924858287744
129.32646639317707
69.34530683313213
142.99305971065567
78.45636904478454
150.58561155369935
90.09828187078482
153.11646216804724
102.75253494252426
152.10412192230808
114.39444776852454
148.05476093935147
140.7152941577426
149.06710118509062
153.369547229482
151.5979517994385
165.0114600554823
152.10412192230808
176.14720275861302
151.09178167656893
185.76443509313498
146.03008044787313
128.56721120887272
134.89433774474244
128.56721120887272
123.25242491874215
129.0733813317423
111.61051209274187
129.0733813317423
99.462429143872
117.93763862861158
88.3266864407413
124.01168010304652
86.80817607213257
130.08572157748145
85.28966570352382
136.15976305191637
87.31434619500214
142.23380452635132
89.33902668648045
83.5180702734803
134.38816762187287
91.61679223939355
139.9560389734382
101.7401946967851
139.9560389734382
109.83891666269834
131.85731700752498
101.23402457391552
130.33880663891622
91.11062211652397
130.8449767617858
149.3201862465254
132.36348713039456
157.41890821243865
139.9560389734382
166.52997042409103
140.4622090963078
174.1225222671347
135.40050786761202
168.04848079269976
131.35114688465538
158.4312484581778
130.8449767617858
104.77721543400257
64.03052054300157
113.38210752278539
69.09222177169734
122.49316973443779
72.12924250891481
129.57955145461187
70.1045620174365
137.17210329765553
72.63541263178439
146.28316550930793
70.1045620174365
155.39422772096032
65.04286078874073
147.2955057550471
59.47498943717537
138.18444354339468
56.437968699957906
130.08572157748145
55.93179857708833
122.99933985730736
55.93179857708833
113.88827764565497
57.95647906856664
107.81423617122003
64.53669066587115
122.99933985730736
65.04286078874073
129.57955145461187
65.04286078874073
137.17210329765553
66.05520103447988
151.3448667380037
65.04286078874073
137.6782734205251
65.04286078874073
130.08572157748145
64.03052054300157
122.99933985730736
64.53669066587115
