47.22274063210302
114.65136547698089
48.58493507341368
97.39690255371248
49.947129514724345
80.59650444421429
52.217453583575455
63.34204152094588
57.21216653504789
46.99570822521791
67.20159243799276
33.37376381211127
81.27760166486962
22.022143467855734
97.16987014682736
12.940847192451308
115.33246269763622
9.308328682289538
133.9491200622153
11.578652751140645
150.74951817171348
19.751819399004628
165.27959221236057
30.64937492948994
175.72308292907567
44.271319342596584
181.17186069431833
61.071717452094774
183.44218476316942
79.23431000290363
185.25844401825032
96.48877292617203
186.62063845956098
114.65136547698089
59.482490603898995
135.08428209664086
68.56378687930342
142.34931911696438
79.91540722355896
145.07370799958574
91.72109238158471
142.8033839307346
102.61864791207003
137.8086709792622
128.95440711074286
138.2627357930324
140.3060274549984
142.34931911696438
151.65764779925394
143.71151355827504
163.00926814350947
141.89525430319418
172.54462923268412
135.9924117241813
115.78652751140645
122.37046731107465
115.78652751140645
110.5647821530489
116.24059232517666
99.21316180879336
116.24059232517666
86.95341183699739
104.43490716715091
78.78024518913341
110.3377497461638
76.5099211202823
116.24059232517666
74.6936618652014
122.14343490418955
76.5099211202823
127.13814785566198
78.78024518913341
73.55849983077586
120.10014324222355
81.27760166486962
125.09485619369599
90.81296275404426
124.64079137992576
98.53206458813803
117.82981917337244
89.90483312650383
116.921689545832
80.36947203732917
116.921689545832
133.49505524844508
117.82981917337244
142.1222867100793
124.18672656615554
152.11171261302414
125.09485619369599
159.83081444711792
119.64607842845332
152.56577742679437
116.46762473206178
143.03041633761973
116.46762473206178
86.27231461634206
59.25545819701389
97.6239349605976
61.97984707963521
108.5214904910829
64.25017114848632
115.78652751140645
62.43391189340544
123.50562934550021
64.25017114848632
134.40318487598552
61.97984707963521
146.20887003401128
58.80139338324366
134.85724968975575
47.449773038988134
123.95969415927043
43.36318971505614
115.78652751140645
42.4550600875157
107.61336086354245
43.36318971505614
97.16987014682736
47.449773038988134
90.81296275404426
57.893263755703224
108.06742567731268
58.34732856947345
115.78652751140645
57.439198941933
123.50562934550021
58.34732856947345
141.66822189630906
57.439198941933
123.50562934550021
51.99042117669035
115.78652751140645
51.0822915491499
108.06742567731268
51.99042117669035
