68.02800857992904
107.42397557400186
65.01410946562838
94.07670806781326
64.15299543297105
80.29888354529598
68.88912261258636
66.5210590227787
75.34747785751634
53.1737915165901
82.23639011877498
40.257081026730155
87.83363133104761
26.048699487884218
92.13920149433426
10.979203916380952
103.33368391887954
4.52084867145098
120.12540755569746
3.2291776224649857
139.06991627415871
8.826418834737627
159.30609604160597
17.437559161310922
178.2506047600672
30.78482666749953
191.16731524992716
47.57655030431746
197.19511347852847
69.1044011207507
200.2090125928291
90.20169492085527
201.93124065814376
111.29898872095984
65.44466648195704
131.96572550473576
69.31967962891503
137.13240970067972
76.20859189017366
135.84073865169373
83.52806116776097
132.82683953739308
89.98641641269094
128.09071235777776
110.65315319646685
128.09071235777776
124.86153473531279
133.25739655372175
139.50047329048738
134.54906760270774
153.70885482933332
130.67405445574977
165.76445128653594
123.78514219449112
99.45867077192156
113.45177380260317
96.4447716576209
101.82673436172922
93.00031552699159
90.20169492085527
89.98641641269094
78.57665547998133
85.68084624940428
70.82662918606536
89.98641641269094
66.95161603910738
96.4447716576209
63.937716924806715
104.19479795153687
66.09050200645004
112.3753812617815
68.24328708809337
71.90302172688702
114.74344485158916
77.50026293915965
119.91012904753313
86.54196028206162
119.47957203120447
93.43087254332025
111.29898872095984
85.25028923307562
110.86843170463118
76.63914890650233
111.29898872095984
123.56986368632678
109.57676065564519
131.7504469965714
116.03511590057515
141.65325837213072
116.03511590057515
149.83384168237535
110.43787468830251
142.08381538845939
106.9934185576732
132.18100401290008
107.42397557400186
83.0975041514323
56.61824764721942
87.40307431471895
57.04880466354808
93.86142955964893
57.04880466354808
99.88922778825022
54.89601958190476
108.06981109849485
55.757133614562086
124.86153473531279
54.89601958190476
143.37548643744537
53.1737915165901
126.58376280062744
39.39596699407283
110.22259618013818
33.368168765471516
101.18089883723621
32.93761174914285
94.29198657597759
35.090396830786176
88.26418834737628
43.27098014103081
86.54196028206162
52.74323450026144
93.86142955964893
51.02100643494678
100.31978480457889
49.29877836963212
108.9309251311522
49.72933538596078
139.06991627415871
51.45156345127544
109.36148214748086
41.54875207571615
100.75034182090755
41.979309092044815
94.29198657597759
44.5626511900168
