39.680307360816556
140.84059711400937
39.680307360816556
118.79598191355574
42.12970904975585
96.7513667131021
47.5183927654223
75.68651218822417
58.78564053454305
57.5609396900734
75.9314523571181
41.88476888086192
94.54690519305673
29.147880098377595
112.18259735341965
19.35027334262042
127.85876816263112
18.86039300483256
141.57541762069116
25.718717733862583
150.39326370087264
42.37464921864978
160.1908704566298
57.5609396900734
170.47835755017482
71.7674694859213
178.31644295478057
86.95375995734493
183.21524633265915
102.6299307665564
183.70512667044702
117.81622123798002
182.7253659948713
134.47215272276722
67.11360627693665
141.8203577895851
80.34037539720883
147.20904150525155
94.05702485526888
147.20904150525155
107.77367431332891
144.75963981631224
120.51056309581324
138.3911954250701
145.49446032299403
138.3911954250701
154.31230640317548
144.26975947852438
164.10991315893267
148.18880218082725
173.90751991468986
150.63820386976656
180.76584464371987
146.22928082967582
133.24745187829757
126.14418698037362
134.71709289166114
113.89717853567716
136.67661424281258
101.65017009098068
138.14625525617615
89.40316164628422
117.5712810690861
84.99423860619349
125.89924681147968
81.56507624167848
134.71709289166114
78.62579421495133
142.06529795847902
82.05495657946634
146.9641013363576
86.46387961955706
82.29989674836027
128.5935886693129
90.62786249075386
133.4923920471915
101.40522992208676
133.00251170940365
110.22307600226821
124.67454596701005
100.42546924651104
122.22514427807074
89.64810181517815
123.20490495364646
144.51469964741833
126.63406731816148
152.8426653898119
135.45191339834292
163.13015248335697
137.41143474949436
170.47835755017482
133.00251170940365
164.59979349672054
127.12394765594934
154.80218674096335
125.65430664258577
86.708819788451
75.19663185043632
105.32427262438962
72.74723016149701
121.49032377138896
71.7674694859213
130.30816985157043
70.78770881034558
137.6563749183883
73.23711049928488
146.9641013363576
76.17639252601204
156.7617080921148
80.0954352283149
147.45398167414547
59.520461041224834
139.12601593175188
49.72285428546766
130.79805018935826
47.273452596528365
120.51056309581324
47.273452596528365
103.85463161102605
54.62165766334625
91.11774282854172
73.23711049928488
121.49032377138896
68.82818745919415
130.79805018935826
68.33830712140629
138.14625525617615
70.78770881034558
151.8629047142362
75.68651218822417
138.14625525617615
59.030580703436975
130.30816985157043
56.091298676709826
121.0004434336011
55.60141833892197
