58.527239041258085
120.09789451266158
58.059021128928016
103.71026758110932
58.995456953588146
87.79085856188712
60.868328602908406
70.9350137180048
66.01872563853912
54.547386786452535
75.38308388514041
39.0961956795604
87.08853169339203
24.11322248499833
102.07150488795409
11.939556764416649
120.80022138115669
7.725595553446067
139.99715578668932
11.471338852086584
155.91656480591152
21.772132923348007
169.4948842634834
34.882234468589814
180.26389624707488
50.333425575481954
185.88251119503568
68.12570624402441
187.75538284435592
85.91798691256686
189.6282544936762
103.24204966877926
191.03290823066638
121.03433033732172
64.14585398921886
129.46225275926287
69.76446893717963
139.7630468305243
80.53348092077113
145.38166177848507
92.70714664135281
146.78631551547528
104.88081236193449
144.913443866155
131.1010154524181
147.25453342780534
145.14755282232005
149.1274050771256
159.19409019222198
148.19096925246546
171.36775591280366
142.5723543045047
178.39102459775464
132.27156023324326
117.99091390717629
129.46225275926287
117.52269599484623
118.69324077567138
116.5862601701861
107.9242287920799
115.64982434552597
96.21878098382828
102.53972280028417
86.38620482489694
109.56299148523513
84.51333317557668
116.5862601701861
82.17224361392634
124.5459646797972
84.51333317557668
132.5056691894083
86.854422737227
79.12882718378093
122.4389840743119
86.15209586873189
127.12116319761256
94.58001829067307
128.05759902227268
102.53972280028417
123.37541989897204
94.58001829067307
121.50254824965178
86.15209586873189
120.56611242499164
137.656066225039
124.31185572363216
145.14755282232005
128.52581693460274
154.04369315659127
128.52581693460274
161.06696184154225
124.31185572363216
154.04369315659127
121.97076616198184
145.6157707346501
122.4389840743119
87.55674960572209
64.84818085771396
97.38932576465345
67.65748833169434
109.09477357290507
69.5303599810146
117.52269599484623
67.65748833169434
126.41883632911745
69.5303599810146
139.52893787435926
68.12570624402441
152.170821507271
65.31639877004402
140.93359161134947
50.801643487812015
127.82349006610765
43.778374802861045
117.99091390717629
42.37372106587085
108.62655566057501
43.778374802861045
96.92110785232339
50.333425575481954
91.77071081669267
63.443527120723765
109.09477357290507
63.443527120723765
117.52269599484623
62.507091296063635
126.41883632911745
63.911745033053826
147.95686029630042
63.911745033053826
127.35527215377759
54.547386786452535
117.99091390717629
53.142733049462336
109.09477357290507
54.079168874122466
