67.56136513145002
127.12882828169793
68.07710074314048
110.10955309591282
69.62430757821186
94.12174913350862
71.68725002497368
77.1024739477235
77.87607736525918
61.11466998531929
88.19078959906834
46.67407285798646
101.59991550302026
33.78068256572501
116.04051263035308
22.43449910853493
132.54405220444775
19.85582105008264
150.07906300192332
21.403027885154014
165.55113135263707
31.20200450727272
179.47599286827943
43.57965918784371
190.8221763254695
57.50452070348608
196.49526805406455
74.5237958892712
198.5582105008264
92.05880668674678
199.5896817242073
109.0780818725319
200.62115294758823
126.61309267000748
74.78166369511644
142.60089663241166
83.03343348216376
152.39987325453038
95.92682377442522
154.97855131298266
109.33594967837712
153.4313444779113
122.22933997063858
150.33693080776854
140.79582199149507
150.33693080776854
154.72068350713744
154.97855131298266
168.12980941108935
156.52575814805405
181.53893531504127
153.94708008960174
190.30644071377904
145.17957469086397
132.02831659275728
139.50648296226893
132.02831659275728
128.6760351167693
132.54405220444775
116.81411604788877
133.0597878161382
104.95219697900824
117.58771946542446
97.21616280365136
124.80801802909087
95.15322035688952
132.54405220444775
92.57454229843724
139.76435076811416
94.63748474519907
146.46891372009011
96.7004271919609
88.19078959906834
134.8648624570548
95.41108816273476
139.50648296226893
104.17859356147254
140.02221857395938
111.91462773682942
135.38059806874526
104.17859356147254
134.34912684536434
95.41108816273476
133.31765562198342
152.14200544868515
136.41206929212618
160.39377523573248
141.0536897973403
169.16128063447027
140.53795418564985
176.38157919813668
135.89633368043573
169.67701624616072
134.34912684536434
160.90951084742295
134.8648624570548
101.0841798913298
75.55526711265212
111.91462773682942
79.16541639448532
123.77654680570996
80.7126232295567
131.51258098106683
79.16541639448532
139.76435076811416
80.7126232295567
151.11053422530424
78.13394517110441
162.45671768249431
74.00806027758074
151.62626983699468
63.69334804377158
139.76435076811416
58.02025631517654
130.99684536937636
56.98878509179563
122.74507558232904
58.02025631517654
111.39889212513896
63.69334804377158
104.694329173163
74.00806027758074
123.77654680570996
75.55526711265212
130.99684536937636
75.03953150096166
139.76435076811416
75.55526711265212
158.33083278897064
72.97658905419982
139.76435076811416
66.78776171391434
130.99684536937636
66.27202610222388
123.2608111940195
67.30349732560478
