46.6411456421863
128.38589037296546
48.11402392562377
108.74751326046596
51.05978049249869
89.10913614796647
54.98745591499859
70.45267789109195
61.86088790437341
53.26909791765488
74.62583302749809
39.52223393890524
90.82749414531017
28.721126527030513
108.01107411874723
19.88385682640574
125.68561351999678
18.901937970780764
141.88727463780887
21.84769453765569
155.63413861655852
32.157842521717924
167.41716488405822
44.9227876448426
176.74539401249547
59.65157047921722
182.14594771843284
76.34419102484179
184.60074485749527
94.50968985390384
186.07362314093274
112.67518868296587
186.5645825687452
131.3316469398404
62.351847332185905
138.2050789292152
70.69815760499819
149.4971457689024
84.93598101156033
152.44290233577735
99.17380441812246
150.47906462452738
112.9206683968721
145.07851091859004
136.977680359684
146.5513892020275
150.23358491062115
150.97002405233988
162.99853003374582
153.42482119140232
175.272515729058
149.9881051967149
181.16402886280787
139.18699778484017
126.17657294780926
132.31356579546537
126.66753237562176
119.0576612445282
127.64945123124673
105.31079726577855
128.14041065905923
92.05489271484139
112.9206683968721
86.16337958109155
120.77601924187191
83.70858244202911
128.14041065905923
81.74474473077916
134.52288322062157
84.1995418698416
139.9234369265589
86.65433900890403
80.51734616124794
129.36780922859043
89.35461586187272
132.31356579546537
98.19188556249749
132.80452522327784
105.06531755187231
128.87684980077796
97.70092613468499
127.89493094515298
88.86365643406022
127.89493094515298
143.36015292124634
129.36780922859043
152.1974226218711
132.80452522327784
160.0527734668709
133.29548465109033
166.43524602843323
130.3497280842154
160.5437328946834
128.38589037296546
152.68838204968358
128.87684980077796
98.68284499030997
64.5611647573421
110.46587125780967
67.01596189640453
120.77601924187191
68.97979960765448
127.64945123124673
67.01596189640453
134.52288322062157
69.47075903546697
142.37823406562134
68.488840179842
150.23358491062115
67.50692132421702
143.36015292124634
59.160611051404736
135.995761504059
55.23293562890483
128.6313700868717
53.760057345467374
121.26697866968439
54.25101677327986
110.95683068562217
57.196773340154785
103.10147984062236
64.07020532952961
120.77601924187191
62.10636761827966
127.64945123124673
61.61540819046717
135.01384264843404
63.08828647390463
146.79686891593374
66.03404304077957
135.50480207624653
64.5611647573421
128.14041065905923
63.08828647390463
120.77601924187191
63.57924590171712
