62.41602085758601
143.50568729961375
63.95084104260862
123.041418165979
68.04369486933558
103.0887557606851
70.60172851103992
84.15930681207294
76.74100925113035
65.74146459180166
87.4847505462886
49.37004928489386
100.27491875481032
35.556667619690394
114.59990714835465
22.76649941116867
130.4597157269216
19.696859041123457
147.34273776217026
24.301319596191277
160.64451269903287
37.091487804713005
173.4346809075546
50.3932627415756
184.6900289310537
66.25307132014254
191.340916399485
83.64770008373208
193.89895004118935
103.0887557606851
198.50341059625717
122.01820470929725
201.5730509663024
141.97086711459113
71.11333523938079
144.52890075629549
80.32225634951644
151.69139495306766
92.60081782969729
152.7146084097494
105.39098603821901
150.66818149638593
117.66954751839987
146.06372094131808
144.27309739212507
146.57532766965898
157.57487232898765
151.1797882247268
170.87664726585024
153.73782186643112
184.17842220271282
152.20300168140852
193.3873433128485
144.52890075629549
131.48292918360332
134.80837291781899
131.48292918360332
119.46017106759291
130.97132245526245
104.11196921736683
130.97132245526245
89.27537409548164
115.62312060503639
85.18252026875469
123.29722153014943
82.62448662705035
130.97132245526245
80.06645298534599
138.13381665203462
82.62448662705035
145.2963108488068
85.18252026875469
86.46153708960686
135.83158637450072
95.15885147140163
139.92444020122767
105.39098603821901
139.4128334728868
114.08830042001378
132.7619460044555
104.87937930987815
132.25033927611463
94.64724474306077
132.25033927611463
149.38916467553375
133.27355273279636
158.59808578566938
140.43604692956853
168.31861362414588
140.43604692956853
177.01592800594068
136.34319310284158
169.34182708082764
133.27355273279636
159.10969251401025
132.7619460044555
97.20527838476511
74.95038570193731
109.99544659328683
72.90395878857383
121.76240134512682
71.88074533189209
130.4597157269216
70.34592514686949
139.15703010871636
71.88074533189209
150.41237813221548
72.39235206023297
162.17933288405547
73.92717224525556
150.92398486055635
58.06736366668863
139.66863683705722
50.3932627415756
129.94810899858072
48.85844255655299
120.22758116010421
49.881656013234725
108.46062640826422
57.55575693834776
101.29813221149206
72.39235206023297
121.76240134512682
68.29949823350601
130.4597157269216
67.27628477682427
139.15703010871636
68.29949823350601
157.57487232898765
71.36913860355122
139.15703010871636
60.62539730839298
129.94810899858072
59.090577123370366
120.73918788844507
60.62539730839298
