69.73545327260605
128.1689537734449
69.25451911210531
112.29812647692077
70.69732159360751
96.42729918039664
75.0257290381141
80.07553772337178
81.75880728512433
64.20471042684764
90.4156221741375
49.29575145132497
99.5533712236514
34.386792475802295
110.61485691516822
20.439701821281083
126.00475005119162
15.149426055773038
142.8374456687172
17.073162697775963
158.70827296524135
27.172780068291324
172.65536361976257
40.15800240181107
184.67871763228086
55.06696137733374
193.33553252129403
72.38059115536008
197.18300580529987
91.1370234148886
199.58767660780353
109.89345567441713
201.51141324980645
129.1308220944464
69.73545327260605
149.33005683547708
75.0257290381141
156.06313508248732
84.163478087628
155.10126676148587
93.78216129764262
151.25379347748003
102.91991034715652
146.4444518724727
134.18063077970405
145.96351771197197
146.68491895272308
151.73472763798074
159.67014128624282
154.62033260098514
172.65536361976257
152.69659595898221
182.2740468297772
145.96351771197197
118.30980348317992
128.64988793394565
117.34793516217846
117.10746808192809
116.386066841177
105.56504822991054
114.9432643596748
94.50356253839372
104.84364698915944
85.84674764938055
110.61485691516822
83.4420768468769
117.82886932267918
81.03740604437324
125.52381589069088
83.92301100737762
133.69969661920334
86.32768180988128
81.75880728512433
129.6117562549471
88.49188553213457
132.97829537845223
97.62963458164847
132.4973612179515
104.84364698915944
125.76428297094125
96.18683210014628
123.84054632893833
87.04908305063238
124.80241464993979
139.95184070571284
124.32148048943907
148.12772143422526
130.09269041544783
157.7464046442399
130.09269041544783
164.96041705175085
125.76428297094125
158.2273388047406
121.91680968693541
148.608655594726
121.91680968693541
97.62963458164847
66.12844706885056
105.32458114966018
69.01405203185496
113.98139603867334
70.45685451335714
121.1954084461843
68.05218371085348
129.85222333519746
70.45685451335714
142.3565115082165
69.49498619235568
155.82266800223698
67.57124955035276
144.28024815021942
51.70042225382863
131.29502581669968
44.486409846317656
122.15727676718578
44.00547568581692
113.98139603867334
44.96734400681839
105.32458114966018
51.70042225382863
101.95804202615506
64.20471042684764
113.5004618781726
63.72377626634691
121.1954084461843
63.24284210584618
129.85222333519746
64.20471042684764
151.9751947182311
66.6093812293513
130.81409165619894
54.58602721683301
122.15727676718578
53.62415889583155
114.46233019917406
55.54789553783448
