54.48903961028614
128.4024127853502
56.507152188444884
109.23034329284212
60.543377344762376
90.05827380033404
64.57960250107988
72.39978874144501
72.65205281371486
56.254888116175046
83.75167199358796
42.63262821360351
97.87846004069918
31.028480889190718
113.51883252142946
22.45150243201605
130.6727894357788
21.442446142936674
147.82674635012813
24.974143154714483
162.96259068631875
34.055649756428835
175.5757942998109
46.16432522538131
184.65730090152525
60.79564141703222
189.19805420238242
76.94054204230218
191.72069492508086
94.59902710119121
193.23427935869992
113.26656844915962
193.7388075032396
132.4386379416677
68.11129951285767
142.02467268792174
77.69733425911171
150.09712300055673
90.31053787260389
152.61976372325518
103.42826963063573
151.10617928963612
117.05052953320727
148.07901042239797
142.78146490473128
147.5744822778583
155.39466851822343
150.09712300055673
166.49428769809654
152.11523557871547
178.602963167049
150.09712300055673
187.68446976876336
143.5382571215408
130.6727894357788
134.45675051982644
131.68184572485816
122.85260319541366
132.18637386939787
110.74392772646118
132.69090201393755
98.63525225750871
119.06864211136602
88.04016122217529
126.13203613492162
87.03110493309592
132.69090201393755
85.51752049947686
139.24976789295346
87.53563307763561
145.30410562742972
89.04921751125467
83.75167199358796
133.4476942307471
92.32865045076262
138.49297567614394
102.41921334155636
138.49297567614394
110.49166365419134
131.42958165258833
101.41015705247699
130.42052536350894
91.82412230622295
130.42052536350894
148.83580263920751
131.42958165258833
156.90825295184248
138.49297567614394
165.98975955355687
138.49297567614394
173.05315357711245
134.45675051982644
166.49428769809654
130.92505350804865
157.4127810963822
130.92505350804865
104.43732591971511
63.82281028427034
114.02336066596915
68.8680917296672
123.6093954122232
71.89526059690533
132.18637386939787
70.38167616328627
139.75429603749316
72.39978874144501
148.83580263920751
70.38167616328627
155.89919666276313
65.3363947178894
148.83580263920751
58.27300069433379
140.76335232657254
55.24583182709567
132.69090201393755
54.236775538016296
124.11392355676287
54.74130368255599
114.02336066596915
57.26394440525441
108.47355107603259
63.82281028427034
123.6093954122232
64.32733842881002
132.18637386939787
64.32733842881002
140.25882418203284
65.3363947178894
151.86297150644563
65.3363947178894
140.25882418203284
64.83186657334971
132.18637386939787
63.82281028427034
124.11392355676287
64.32733842881002
