69.62351320743565
142.17015101518348
70.68646760754916
124.09992621325361
73.87533080788974
105.49822421126699
77.0641940082303
87.42799940933713
82.91044320885466
70.42072900752079
92.47703280987635
54.47641300581797
105.76396281129537
42.25243740451247
121.17680161294143
33.7488022036043
138.71554921481453
32.68584780349078
156.25429681668763
36.40618820388811
172.7300900184472
45.972777804909796
186.01702001986624
59.791185006385575
195.05213242083116
76.26697820814516
200.36690442139877
94.33720301007502
203.55576762173934
112.93890501206164
205.15019922190962
129.946175413878
205.6816764219664
148.01640021580783
77.59567120828706
157.05151261677278
87.16226080930875
164.49219341756742
99.917713610671
165.0236706176242
111.61021201191974
161.83480741728363
123.30271041316847
156.520035416716
147.75066161577948
156.520035416716
160.50611441714173
161.83480741728363
173.26156721850398
165.0236706176242
186.548497219923
163.4292390174539
196.1150868209447
155.98855821665924
136.05816321453074
142.17015101518348
135.52668601447397
129.946175413878
134.9952088144172
117.72219981257248
134.46373161436046
104.96674701121023
122.77123321311171
96.99458901035882
128.61748241373607
94.86868021013179
134.9952088144172
92.74277140990473
141.9044124151551
94.33720301007502
148.28213881583622
95.9316346102453
90.88260120970607
142.17015101518348
98.85475921055749
146.42196861563755
107.88987161152241
145.8904914155808
115.33055241231706
138.98128781484291
106.8269172114089
137.9183334147294
97.79180481044396
138.44981061478614
157.31725121680117
138.44981061478614
165.28940921765258
144.82753701546727
174.85599881867427
145.35901421552404
181.76520241941213
141.10719661506997
175.91895321878778
137.38685621467263
166.3523636177661
136.85537901461586
112.1416892119765
72.01516060769107
120.1138472128279
77.86140980831544
128.61748241373607
82.11322740876952
134.9952088144172
79.98731860854248
142.43588961521186
81.58175020871276
151.47100201617678
76.79845540820192
160.50611441714173
70.42072900752079
152.00247921623355
62.98004820672614
142.9673668152686
58.72823060627206
134.9952088144172
58.72823060627206
127.55452801362256
59.25970780632881
119.58237001277115
63.5115254067829
116.39350681243059
71.4836834076343
128.61748241373607
73.60959220786135
135.52668601447397
72.54663780774783
142.43588961521186
73.0781150078046
155.7228196166309
70.95220620757755
141.9044124151551
70.95220620757755
134.9952088144172
70.42072900752079
128.08600521367933
71.4836834076343
