72.78110889842789
134.1106447184318
73.29006770191339
118.332921810381
76.34382052282645
102.04624009884469
79.90653214722502
85.75955838730837
83.46924377162358
68.96391787228656
90.59466702042072
52.677236160750255
100.26488428664541
38.42638966315598
111.97093676681213
25.70241957601824
126.73074206789191
20.612831541163143
143.52638258291373
22.64866675510518
160.83098190142107
31.809925217844356
177.11766361295736
44.533895304982096
190.85955130706614
59.293700606061876
199.5118509663198
77.61621753154023
203.58352139420387
97.4656108674751
206.63727421511692
117.31500420340998
208.67310942905897
137.67335634283037
74.30798530888441
149.37940882299708
81.94236736116706
153.96003805436666
92.12154343087725
152.94212044739567
102.30071950058745
148.8704500195116
111.97093676681213
143.27190318117098
140.9815885654862
145.81669719859852
152.17868224216738
152.43316164391015
164.39369352581963
155.4869144648232
176.60870480947185
154.9779556613377
187.80579848615307
150.90628523345362
125.71282446092088
133.0927271114608
124.69490685394987
119.85979822083753
124.18594805046436
106.62686933021428
123.16803044349334
92.88498163610552
115.53364839121069
88.30435240473592
120.11427762258029
85.25059958382288
125.71282446092088
83.21476436988083
131.820330102747
85.25059958382288
137.4188769410876
87.28643479776491
86.52299659253664
134.6196035219173
94.15737864481929
139.7091915567724
104.845513518015
139.20023275328688
112.47989557029764
131.56585070100425
103.31863710755846
129.02105668357672
93.13946103784826
129.5300154870622
148.1070118142833
131.56585070100425
156.25035267005148
139.7091915567724
166.93848754324716
140.2181503602579
174.57286959552982
134.6196035219173
167.9564051502182
130.0389742905477
157.777229080508
129.5300154870622
106.88134873195703
64.89224744440249
114.00677198075417
69.47287667577207
121.1321952295513
70.9997530862286
126.73074206789191
68.96391787228656
133.85616531668904
69.98183547925758
143.52638258291373
67.43704146183003
153.70555865262392
62.85641223046044
143.52638258291373
53.69515376772127
133.85616531668904
50.132442143322706
126.73074206789191
49.62348333983719
120.11427762258029
51.150359750293724
112.98885437378314
55.222030178177796
111.46197796332662
64.38328864091697
121.1321952295513
66.92808265834452
127.23970087137742
65.9101650513735
133.85616531668904
65.9101650513735
149.12492942125434
62.34745342697494
133.85616531668904
58.78474180257637
126.73074206789191
58.78474180257637
120.62323642606579
60.311618213032894
