72.12836798928608
125.85664210375427
70.65636047930064
111.13656700389997
70.65636047930064
95.92582273405053
72.12836798928608
79.24307095421565
76.05372134924721
63.050988344375924
83.41375889917437
48.33091324452162
94.20848063906752
36.06418399464304
105.98454071895097
24.288123914759595
120.70461581880527
19.872101384803305
137.87803676863527
21.344108894788736
157.01413439844586
29.19481561471103
176.15023202825645
38.51752984461875
191.3609762981059
51.27492826449248
200.68369052801364
67.4670108743322
205.59038222796505
86.11243933414765
208.5343972479359
104.7578677939631
211.47841226790678
123.40329625377855
75.07238300925694
144.99273973356486
80.96041304919865
150.8807697735066
89.3017889391161
153.3341156234823
98.62450316902381
151.86210811349687
106.47520988894611
146.95541641354544
135.42469091865956
146.95541641354544
147.20075099854301
152.352777283492
160.44881858841188
152.84344645348716
172.71554783829046
148.918093093526
184.00093874817875
141.55805554359887
118.74193913882469
131.25400297370084
117.26993162883926
118.98727372382226
115.30725494885868
107.21121364393882
113.34457826887811
95.43515356405538
106.96587905894125
88.56578518412337
110.89123241890239
86.11243933414765
116.28859328884897
83.65909348417195
122.66729249878584
86.11243933414765
130.027330048713
88.07511601412823
84.8857664091598
129.78199546371542
91.26446561909667
134.68868716366686
100.09651067900924
134.1980179936717
106.47520988894611
127.3286496137397
98.62450316902381
126.34731127374941
90.28312727910638
126.83798044374456
143.766066808577
126.34731127374941
151.12610435850416
132.72601048368628
160.44881858841188
132.72601048368628
168.29952530833418
127.3286496137397
160.44881858841188
124.87530376376398
151.6167735284993
124.87530376376398
93.71781146907237
71.39236423429335
101.07784901899953
74.33637925426422
110.40056324890725
75.3177175942545
118.74193913882469
73.84571008426907
128.06465336873242
74.82704842425936
142.29405929859158
73.84571008426907
157.99547273843615
69.92035672430792
143.27539763858186
57.1629583044342
128.55532253872755
52.74693577447791
118.74193913882469
52.25626660448277
109.9098940789121
53.237604944473055
100.58717984900439
58.144296644424486
97.64316482903352
70.41102589430307
110.40056324890725
69.42968755431278
118.74193913882469
68.44834921432249
128.06465336873242
69.42968755431278
154.070119378475
69.42968755431278
128.55532253872755
59.12563498441477
118.74193913882469
59.12563498441477
110.40056324890725
60.10697332440506
