65.0930216470021
135.44355658087747
65.5937371981329
117.4177967401692
68.5980305049176
99.8927524505917
70.60089270944074
82.3677081610142
76.60947932301018
65.34337942256751
86.62379034562588
50.822628439774725
98.64096357276473
37.30330855924352
112.66099900442673
24.284704229843094
130.1860432940042
20.779695371927595
148.21180313471248
22.78255757645074
165.2361318731592
33.29758415019723
179.75688285595197
46.316188479597656
192.27477163422162
61.838370564652
199.7855049011834
79.36341485422949
203.79122931022968
97.88989024606856
206.29480706588362
116.9170811890384
207.29623816814518
135.94427213200825
70.60089270944074
144.95715205236237
77.61091042527174
152.46788531932418
89.12736810127981
154.4707475238473
100.64382577728787
151.96716976819337
111.15885235103437
147.4607298080163
141.20178541888149
148.96287646140868
154.22038974828192
154.4707475238473
166.73827852655157
155.47217862610887
179.75688285595197
152.46788531932418
189.2704783274369
144.95715205236237
125.17888778269636
131.4378321718312
124.67817223156558
117.4177967401692
123.676741129304
103.3977613085072
123.17602557817322
89.87844142797599
111.65956790216515
85.37200146779892
117.66815451573459
82.3677081610142
124.17745668043479
79.36341485422949
132.18890549852736
82.3677081610142
139.19892321435836
84.37057036553735
84.12021258997196
132.93997882522353
91.63094585693374
137.4464187854006
101.14454132841867
136.9457032342698
109.65670569764201
129.43496996730804
100.64382577728787
128.93425441617725
91.13023030580295
129.43496996730804
146.70965648132014
128.93425441617725
154.7211052994127
135.44355658087747
164.7354163220284
135.94427213200825
172.2461495889902
130.4364010695696
165.2361318731592
127.4321077627849
155.7225364016743
127.4321077627849
100.64382577728787
70.35053493387535
110.1574212487728
71.85268158726771
119.17030116912694
72.35339713839849
126.68103443608872
70.85125048500615
135.19319880531208
72.35339713839849
146.20894093018936
71.35196603613693
159.22754525958976
68.848388280483
146.70965648132014
60.336223911259644
135.69391435644286
55.829783951082575
126.68103443608872
55.329068399951794
118.66958561799615
56.330499502213364
109.65670569764201
60.83693946239043
105.15026573746495
68.34767272935221
118.66958561799615
65.34337942256751
126.68103443608872
64.34194832030593
135.19319880531208
64.84266387143671
154.22038974828192
67.84695717822143
135.69391435644286
65.34337942256751
126.68103443608872
64.84266387143671
118.66958561799615
65.84409497369829
