61.0921436696132
132.86299537903685
62.08551185936301
113.98899977379048
64.07224823886263
95.11500416854413
66.05898461836225
76.24100856329777
70.52914147223638
57.36701295805142
80.46282336973445
40.47975373230468
93.37660983648196
25.57923088605756
108.77381677760398
13.162128514184957
128.14449647772526
9.685339850060629
147.5151761778465
13.162128514184957
162.4156990240936
25.082546791182654
175.82616958571603
39.98306963742978
185.7598514832141
55.3802765785518
190.72669243196316
73.26090399404835
192.71342881146276
91.6382155044198
194.20348109608747
109.51884291991634
195.1968492858373
128.3928385251627
71.02582556711128
139.8165727072855
79.46945517998465
148.26020232015887
92.38324164673216
149.25357050990866
104.30365992372985
147.76351822528395
116.22407820072755
142.79667727653492
139.07154656497315
143.29336137140982
151.48864893684575
148.26020232015887
163.90575130871835
149.25357050990866
176.32285368059095
146.27346594065924
183.7731151037145
136.83646813803605
127.64781238285035
131.86962718928703
127.64781238285035
119.45252481741443
127.64781238285035
106.53873835066692
127.64781238285035
93.12826778904451
113.74065772635304
88.16142684029548
120.19755095972678
85.18132227104604
127.64781238285035
82.20121770179662
135.0980738059739
85.67800636592095
141.55496703934764
88.65811093517037
84.43629612873369
131.86962718928703
92.38324164673216
136.33978404316116
101.82023944935533
135.84309994828627
109.27050087247889
129.8828908097874
100.82687125960553
128.8895226200376
91.88655755185725
128.8895226200376
147.0184920829716
129.3862067149125
154.46875350609517
134.84973175853645
163.40906721384343
134.35304766366156
170.36264454209208
129.3862067149125
163.90575130871835
127.8961544302878
154.96543760097006
128.3928385251627
97.3500825954812
68.29406304529931
108.27713268272909
71.77085170942364
119.70086686485187
72.76421989917344
128.14449647772526
71.77085170942364
137.08481018547351
73.75758808892326
148.5085443675963
74.25427218379815
158.9389103599693
72.26753580429855
149.998596652221
55.87696067342671
139.07154656497315
46.936646965678435
129.13786466747504
44.94991058617882
120.19755095972678
45.44659468105372
107.78044858785418
52.40017200930238
101.82023944935533
66.8040107606746
119.70086686485187
67.7973789504244
128.14449647772526
67.7973789504244
137.08481018547351
69.28743123504911
154.96543760097006
70.77748351967382
138.57486247009822
55.87696067342671
128.64118057260015
53.39354019905218
120.19755095972678
54.38690838880199
