71.549499176712
126.07515199758562
69.0822750671702
111.27180734033487
68.09538542335349
95.97501786117576
71.05605435480363
80.18478356010827
75.99050257388723
64.3945492590408
83.88561972442096
50.578094245606756
94.2479609844965
36.76163923217272
105.59719188838875
23.438629040647033
121.38742618945622
18.50418082156345
139.6448846000655
20.477960109196882
158.88923265449148
30.840301369272414
177.6401358870091
42.68297709507302
192.44348054425987
57.97976657423214
201.32548733861032
76.73066980674976
205.76649073578554
96.46846268308411
208.7271596672357
116.6997003813268
209.7140493110524
135.9440484357528
73.52327846434544
147.29327933964504
79.9380611491541
152.22772755872865
88.82006794350455
150.74739309300355
98.19551955976337
148.28016898346178
106.58408153220546
144.3326104081949
135.69732602479863
147.29327933964504
148.0334465725076
153.21461720254536
160.36956712021654
155.68184131208716
173.1991324898339
154.69495166827042
184.54836339372613
148.28016898346178
121.38742618945622
131.50304503857757
120.4005365456395
120.15381413468532
118.92020207991443
109.29802805270144
117.43986761418935
97.94879714880919
107.07752635411381
90.54712482018381
112.99886421701413
88.07990071064201
119.41364690182279
85.11923177919186
127.30876405235652
87.58645588873365
135.69732602479863
89.56023517636709
82.89873008060425
129.03582092903576
90.30040240922963
134.46371397002773
100.1692988473968
133.97026914811937
107.07752635411381
127.06204164140235
98.68896438167172
125.58170717567727
89.31351276541291
125.08826235376891
144.08588799724072
128.04893128521906
151.98100514777445
135.45060361384444
162.34334640785
135.9440484357528
170.73190838029208
131.0096002166692
163.3302360516667
126.56859681949399
153.9547844354079
126.07515199758562
94.74140580640486
73.27655605339126
103.62341260075532
77.22411462865813
112.99886421701413
78.21100427247484
120.4005365456395
76.73066980674976
129.7759881618983
77.71755945056648
143.098998353424
76.73066980674976
157.4088981887664
71.79622158766618
144.08588799724072
57.97976657423214
130.26943298380667
51.07153906751512
120.89398136754787
50.0846494236984
112.50541939510576
52.058428711331835
103.12996777884695
58.966656218048854
98.68896438167172
71.79622158766618
112.99886421701413
72.78311123148289
120.89398136754787
71.79622158766618
129.7759881618983
72.28966640957454
152.96789479159116
70.80933194384946
129.7759881618983
60.44699068377393
120.89398136754787
59.95354586186557
112.99886421701413
61.43388032759065
