61.13533762023833
136.55229099602414
62.638665594506485
117.00902733053812
66.14643086779884
98.4679823145642
69.15308681633516
80.42804662334633
73.66307073913963
61.887001607372405
82.1819292599925
45.851503215178745
94.70966237889381
31.820442122009293
110.74516077108747
20.2949276526201
128.28398713754927
17.28827170408379
146.32392282876714
20.796036977376154
163.3616398704729
30.81822347249719
177.39270096364237
43.84706591615454
186.91377813400734
59.38145498359215
192.4259807063239
76.41917202529791
194.9315273301042
94.45910771651577
196.43485530437235
113.0001527324897
196.9359646291284
132.04230707321966
69.15308681633516
149.58113343968148
79.1752733114562
154.09111736248596
91.70300643035749
153.08889871297384
103.22852089974668
150.5833520891936
115.25514469389194
145.57225884163307
139.3083922821824
146.07336816638912
151.33501607632766
150.5833520891936
163.3616398704729
153.08889871297384
175.8893729893742
153.5900080377299
186.4126688092513
148.07780546541332
126.78065916328113
134.54785369699994
126.78065916328113
121.51901125334258
126.27954983852507
107.98905948492919
125.77844051376903
93.95799839175973
115.75625401864798
87.9446864946871
121.26845659096455
85.9402491956629
126.78065916328113
83.43470257188264
133.2950803851098
85.9402491956629
139.3083922821824
87.9446864946871
84.68747588377276
133.54563504748782
92.70522507986959
138.0556189702923
101.72519292547852
137.05340032078018
109.74294212157535
130.5389790989515
100.72297427596642
129.5367604494394
91.70300643035749
130.03786977419546
147.32614147827925
130.03786977419546
154.84278134962003
136.55229099602414
163.86274919522896
137.55450964553623
171.37938906656973
133.54563504748782
164.363858519985
129.5367604494394
155.84499999913214
129.5367604494394
100.72297427596642
65.89587620542082
111.24627009584351
68.90253215395714
120.7673472662085
69.90475080346924
128.78509646230532
67.90031350444502
136.80284565840216
70.40586012822529
146.8250321535232
69.40364147871318
157.84943729815635
66.89809485493292
147.8272508030353
57.87812700932399
137.3039549831582
53.368143086519524
128.78509646230532
52.36592443700742
119.7651286166964
53.368143086519524
110.24405144633141
56.87590835981189
105.73406752352695
64.89365755590872
120.26623794145245
62.388110932128455
128.78509646230532
61.887001607372405
137.3039549831582
62.889220256884514
152.83834405059582
65.89587620542082
136.80284565840216
63.390329581640565
128.78509646230532
62.388110932128455
120.26623794145245
63.390329581640565
