58.748504479663346
112.63984914014193
58.748504479663346
97.37448970841838
59.21109112910951
81.64654362724866
59.673677778555685
64.99342424718661
62.44919767523269
49.72806481546307
68.46282411803287
38.16339857930887
78.63973040584857
28.449078940939337
92.51732988923362
21.510279199246817
111.02079586708034
18.734759302569806
130.91202179326555
18.734759302569806
150.34066107000461
22.89803914758532
168.38154039840518
29.836838889277843
180.87137993345172
41.401505125432045
187.81017967514424
57.592037856047924
190.58569957182124
75.17033053500231
192.43604616960593
93.67379651284904
194.74897941683676
110.78950254235725
69.38799741692522
132.53107506632716
76.7893838080639
142.70798135414285
88.81663669366426
146.4086745497122
101.76906287815697
146.4086745497122
113.79631576375735
141.7828080552505
121.6602888043422
141.7828080552505
135.07530163828108
145.94608790026604
149.41548777111228
145.48350125081987
163.7556739039435
140.85763475635818
173.00740689286687
129.29296852020397
115.18407571209585
132.99366171577333
113.79631576375735
124.6671020257423
111.94596916597267
115.8779556862651
110.095622568188
107.08880934678791
98.06836968258763
94.59896981174137
104.08199612538782
92.28603656451052
110.55820921763417
90.43568996672586
118.88476890766519
91.82344991506436
126.74874194825006
93.21120986340287
78.63973040584857
126.51744862352697
85.57853014754109
131.60590176743483
92.97991653867979
131.14331511798866
100.38130292981847
126.05486197408081
92.51732988923362
125.12968867518846
85.11594349809492
125.59227532463463
133.68754168994258
123.74192872684996
141.08892808108126
128.8303818707578
148.95290112166612
128.36779522131164
156.3542875128048
123.2793420774038
148.95290112166612
122.35416877851145
141.08892808108126
122.81675542795763
85.57853014754109
69.15670409220213
93.90508983757212
77.02067713278699
103.15682282649549
80.72137032835633
111.02079586708034
78.87102373057165
118.88476890766519
80.72137032835633
130.91202179326555
76.09550383389465
144.32703462720443
67.76894414386362
130.4494351438194
63.60566429884811
118.42218225821902
62.68049099995577
110.095622568188
62.217904350509606
101.76906287815697
63.143077649401945
93.44250318812595
65.45601089663278
89.27922334311044
69.6192907416483
103.15682282649549
73.31998393721764
110.55820921763417
72.85739728777148
118.88476890766519
72.85739728777148
139.70116813274277
69.15670409220213
118.88476890766519
70.08187739109447
110.55820921763417
70.08187739109447
102.69423617704932
71.0070506899868
