58.60151267531095
134.63192351698592
60.11706903760347
115.43487626128062
62.642996308091014
96.7430144596728
65.67410903267606
78.55633811216252
72.74670539004117
60.874847218749736
84.36597083428386
46.224469049922
99.0163490031116
33.089647243386786
114.67709808013436
21.975567253241604
130.8430326112546
18.439269074559046
147.00896714237487
22.480752707339114
161.6593453112026
34.60520360567931
175.29935257183533
47.234839958117014
187.92898892427303
61.38003267284724
194.49639982754064
78.051152658065
197.5275125521257
96.2378290055753
199.54825436851573
114.42450535308559
201.56899618490576
132.6111817005959
71.23114902774866
145.2408180530336
81.33485810969881
151.8082289563012
93.45930900803901
152.8185998644962
105.5837599063792
151.8082289563012
117.2030253506219
146.25118896122862
147.51415259647237
147.76674532352115
159.13341804071507
152.8185998644962
170.75268348495777
154.83934168088626
182.87713438329794
153.32378531859374
191.9704725570531
146.75637441532612
132.35858897354714
132.6111817005959
132.86377442764464
118.97117443996318
133.36895988174214
105.33116717933045
133.87414533583967
91.69115991869774
118.21339625881691
87.14449083182016
125.28599261618203
84.1133781072351
132.35858897354714
80.07189447445505
139.43118533091226
83.6081926531376
145.49341078008234
87.14449083182016
85.88152719657639
133.1163671546934
94.46967991623403
137.66303624157098
104.57338899818419
137.15785078747348
112.65635626374431
130.08525443010836
103.56301808998917
128.56969806781584
93.45930900803901
129.07488352191334
150.54526532105743
130.08525443010836
158.62823258661757
137.15785078747348
168.7319416685677
137.66303624157098
176.30972348003036
132.6111817005959
169.74231257676274
129.07488352191334
159.63860349481257
128.56969806781584
96.49042173262406
75.52522538757746
110.63561444735429
75.02003993347996
122.76006534569449
74.51485447938245
131.3482180653521
72.99929811708994
139.43118533091226
74.51485447938245
150.54526532105743
75.02003993347996
162.66971621939763
74.51485447938245
151.55563622925246
59.35929085645721
139.93637078500976
52.28669449909209
130.8430326112546
51.27632359089708
121.74969443749947
52.28669449909209
108.61487263096426
58.8541054023597
101.03709081950163
73.50448357118744
122.25487989159697
70.47337084660239
130.8430326112546
68.95781448430986
139.43118533091226
70.47337084660239
158.12304713252004
72.99929811708994
139.93637078500976
60.874847218749736
130.8430326112546
59.35929085645721
122.25487989159697
60.36966176465223
