56.31258447025674
146.65755694645125
58.76095770809399
126.5808963961858
62.67835488863359
107.97325978862271
66.10607742160573
89.85529782862706
71.49249854484769
72.71668516376631
82.26534079133158
58.026445736742815
94.50720698051784
45.29490489998912
107.23874781727153
34.522062653505216
122.41866189186248
32.07368941566797
138.08825061402086
35.991086596207566
153.26816468861182
46.274254195124016
168.93775341077023
58.026445736742815
182.64864354265882
71.73733586863142
189.50408860860313
88.87594853349216
193.4214857891427
106.9939104934878
196.84920832211486
126.5808963961858
199.2975815599521
146.65755694645125
64.14737883133594
142.25048511834422
72.96152248755004
149.1059301842885
85.69306332430374
150.57495412699086
97.93492951348999
147.1472315940187
109.19744640754134
141.2711358232093
138.08825061402086
142.74015976591164
150.33011680320712
148.61625553672104
163.06165763996083
152.0439780696932
176.28287312428196
151.0646287745583
187.05571537076588
144.69885835618146
123.39801118699738
128.04992033888814
123.39801118699738
113.84935555943211
122.90833653942992
99.64879077997605
122.41866189186248
84.95855135295255
108.70777175997388
82.51017811511531
115.07354217835073
80.06180487727806
122.90833653942992
77.61343163944082
130.74313090050913
80.06180487727806
137.59857596645344
82.51017811511531
79.32729290592688
129.5189442815905
87.65176191457354
134.415690757265
98.42460416105743
133.92601610969754
106.74907316970408
126.09122174861835
97.44525486592254
125.11187245348346
86.67241261943863
125.6015471010509
143.47467173726284
126.09122174861835
151.79914074590948
133.92601610969754
162.57198299239337
134.415690757265
170.89645200104002
130.00861892915796
163.55133228752828
125.6015471010509
153.26816468861182
125.11187245348346
95.97623092322019
65.86124009782202
106.74907316970408
66.35091474538946
116.05289147348563
67.81993868809181
122.90833653942992
65.86124009782202
130.74313090050913
67.81993868809181
140.04694920429068
65.86124009782202
151.79914074590948
66.35091474538946
140.53662385185814
57.04709644160791
130.74313090050913
51.17100067079852
122.41866189186248
50.19165137566362
115.07354217835073
51.17100067079852
105.76972387456918
56.557421794040465
100.38330275132724
63.902541507552215
116.05289147348563
61.45416826971496
122.90833653942992
60.47481897458007
130.74313090050913
61.45416826971496
146.90239427023496
63.902541507552215
130.74313090050913
60.964493622147515
122.90833653942992
59.98514432701261
115.56321682591818
60.964493622147515
