67.48370209488829
134.19469004365192
67.99884485897141
117.19497882890906
70.05941591530387
100.1952676141662
71.60484420755323
83.71069916350646
75.21084355613505
67.74127347692985
83.45312778146491
53.8324188466857
95.3014113553766
41.98413527277401
109.21026598562075
31.68127999111168
126.72511996444672
26.52985235028051
146.30054499960517
27.560137878446746
165.36082727068046
34.77213657561038
182.36053848542332
44.5598490931896
195.23910758750125
57.95356095935063
202.4511062846649
74.43812941001036
206.0571056332467
92.98326891700258
209.1479622177454
111.52840842399478
211.723676038161
130.58869069507008
75.21084355613505
150.16411573022853
83.45312778146491
156.86097166330904
94.78626859129348
157.8912571914753
106.11940940112204
155.3155433710597
116.9374074468675
150.16411573022853
141.149117358774
149.6489729661454
153.51254369676877
155.3155433710597
166.3911127988467
158.40639995555838
180.29996742909086
156.86097166330904
191.63310823891942
149.6489729661454
128.78569102077918
136.7704038640675
127.75540549261295
123.89183476198957
126.72511996444672
111.52840842399478
126.2099772003636
98.64983932191686
114.87683639053503
92.46812615291945
121.05854955953244
89.89241233250387
127.24026272852983
87.31669851208828
133.93711866161036
89.37726956842076
141.149117358774
91.43784062475322
87.05912713004673
135.22497557181813
94.27112582721035
139.86126044856618
103.02855281662335
139.34611768448306
111.27083704195321
133.16440451548567
102.51341005254022
132.64926175140255
93.75598306312725
132.64926175140255
150.93682987635322
132.64926175140255
159.6942568657662
138.83097492039997
168.9668266192623
138.83097492039997
177.20911084459215
133.6795472795688
169.48196938334542
131.61897622323633
160.20939962984932
131.61897622323633
100.45283899620776
74.43812941001036
109.72540874970386
79.07441428675841
118.99797850319996
81.13498534309089
127.24026272852983
80.10469981492466
135.4825469538597
81.13498534309089
147.8459732918545
78.5592715226753
160.7245423939324
72.89270111776102
148.36111605593763
62.074703072015566
135.99768971794282
58.46870372343375
127.24026272852983
57.95356095935063
118.48283573911685
59.49898925159998
109.21026598562075
64.65041689243115
104.5739811088727
73.92298664592725
118.99797850319996
73.92298664592725
127.24026272852983
73.40784388184413
135.4825469538597
73.40784388184413
156.60340028126748
72.3775583536779
135.99768971794282
67.74127347692985
127.24026272852983
67.74127347692985
118.99797850319996
68.77155900509608
