58.17636287906553
135.66125998954504
60.18244435765399
117.10500631260173
62.69004620588957
99.55179337495264
66.20068879341939
82.50010080695068
71.71741285953767
65.44840823894872
83.25238136142136
50.904317519182335
97.29495171154062
37.8647879083573
113.34360354024835
26.32981940647362
129.8937757386032
23.320697188590923
144.9393868280167
25.32677866717939
159.48347754778308
34.354145320827485
171.51996641931387
45.38759345306405
181.5503738122562
59.43016380318332
187.5686182480216
76.48185637118529
190.0762200962572
94.03506930883437
192.58382194449277
112.59132298577768
193.0853423141399
131.14757666272098
68.70829064165497
146.69470812178162
77.23413692565596
156.72511551472394
90.7751869061281
162.24183958084222
105.31927762589449
161.23879884154798
118.86032760636664
156.72511551472394
142.43178497978113
154.71903403613547
153.46523311201767
159.23271736295953
165.00020161390137
159.23271736295953
176.03364974613794
155.2205544057826
184.0579756604918
146.69470812178162
129.8937757386032
136.66430072883927
130.3952961082503
123.62477111801424
131.39833684754456
111.08676187683632
131.89985721719165
98.04723226601129
117.8572868670724
89.52138598201032
124.87857204213203
88.01682487306897
131.89985721719165
86.51226376412761
137.91810165295706
88.51834524271608
144.43786645836957
90.02290635165743
86.76302394895117
134.6582192502508
93.7843091240108
138.67038220742774
103.31319614730602
138.67038220742774
110.83600169201277
131.6490970323681
102.31015540801178
129.64301555377963
93.2827887543637
130.14453592342676
148.95154978519363
131.14757666272098
154.96979422095902
137.1658210984864
162.9941201353129
138.1688618377806
170.01540531037253
133.15365814130945
163.99716087460712
130.14453592342676
155.97283496025327
129.64301555377963
106.82383873483583
62.43928602106602
115.85120538848393
67.9560100871843
125.38009241177915
72.46969341400835
131.39833684754456
69.96209156577277
136.41354054401572
71.96817304436124
143.93634608872247
66.95296934789006
151.4591516334292
60.43320454247755
143.93634608872247
56.421041585300614
136.91506091366284
53.91343973706503
130.89681647789743
52.9103989977708
124.37705167248491
53.411919367417916
115.34968501883682
56.421041585300614
111.33752206165988
62.43928602106602
124.87857204213203
63.94384713000736
131.39833684754456
62.940806390713135
136.41354054401572
63.44232676036025
147.94850904589939
61.43624528177178
136.41354054401572
64.9468878693016
131.39833684754456
63.44232676036025
124.87857204213203
64.44536749965448
