55.15102209458066
127.50727757764162
55.15102209458066
108.18085103167745
56.093774609017935
88.85442448571328
57.50790338067385
69.05662168253049
64.10717098173478
51.14432390822223
75.89157741220073
35.11753116278854
90.50424138597852
21.918995960666674
105.58828161697494
10.134589530200719
122.08645061962727
6.363579472451614
138.5846196222796
10.134589530200719
152.72590733883877
22.39037221788531
166.39581879817925
35.58890742000718
178.1802252286452
51.14432390822223
185.72224534414343
69.05662168253049
188.0791266302366
88.38304822849464
189.49325540189253
107.70947477445881
189.96463165911118
126.56452506320434
64.57854723895342
135.04929769313983
72.59194361167027
143.06269406585668
84.37635004213622
145.41957535194987
96.63213272982081
142.59131780863802
107.94516290306814
137.87755523645166
133.87085705009324
138.82030775088893
145.65526348055917
143.5340703230753
157.9110461682438
144.94819909473122
169.69545259870972
141.64856529420075
177.23747271420794
133.6351689214839
120.67232184797136
124.20764377711114
120.67232184797136
111.48048483220792
120.20094559075272
98.75332588730468
120.20094559075272
85.55479068518282
106.05965787419358
78.48414682690324
112.6589254752545
76.12726554081006
120.20094559075272
73.29900799749822
127.74296570625093
76.12726554081006
134.8136095645305
78.48414682690324
79.1912112127312
126.0931488059857
86.73323132822942
130.8069113781721
96.16075647260217
129.86415886373481
103.70277658810039
122.3221387482366
95.2180039581649
121.85076249101796
85.79047881379213
122.3221387482366
138.5846196222796
121.85076249101796
146.59801599499644
128.92140634929754
155.5541648821506
129.39278260651616
163.0961849976488
124.67902003432978
156.49691739658786
121.37938623379932
147.54076850943375
120.90800997658069
89.56148887154124
64.34285911034411
101.81727155922583
65.28561162478138
113.6016779896918
65.28561162478138
121.61507436240863
62.92873033868819
130.0998469923441
64.81423536756274
142.82700593724735
64.81423536756274
155.08278862493194
62.92873033868819
143.76975845168462
47.37331385047313
131.0425995067814
39.83129373497492
121.61507436240863
38.88854122053765
112.6589254752545
40.30266999219356
100.87451904478856
48.316066364910405
93.80387518650899
62.92873033868819
113.6016779896918
61.043225309813636
121.61507436240863
59.629096538157725
130.0998469923441
61.043225309813636
150.8404023099642
62.45735408146955
131.0425995067814
48.316066364910405
121.61507436240863
46.901937593254495
113.6016779896918
48.78744262212905
