53.98956989842192
151.11786476470058
57.16542695127027
128.88686539476214
60.34128400411862
107.71448504243982
64.57576007458309
87.60072370773361
73.044712215512
69.60420040825963
86.80675944452152
54.78353416163401
102.15673519995521
42.080105950240615
118.565329973005
31.493915774079454
135.50323425486286
29.37667773884722
150.32390050148848
34.669772826927804
164.085947730498
48.43182005593731
176.26006643308332
62.72317679375488
187.90487562686062
77.54384304038051
195.3152087501734
94.48174732223836
198.49106580302177
111.94896111290427
200.608303838254
130.47479392118632
202.19623236467817
149.00062672946834
70.39816467147172
148.4713172206603
83.63090239167317
155.35234083516505
98.4515686382988
156.41095985278116
112.74292537611636
154.2937218175489
126.50497260512587
150.05924574708445
152.44113853672073
149.5299362382764
163.55663822168995
154.2937218175489
175.73075692427528
156.9402693615892
187.90487562686062
157.46957887039727
197.9617562942137
152.1764837823167
139.73771032532733
136.29719851807494
140.79632934294344
123.0644607978735
141.3256388517515
110.3610325864801
142.38425786936762
97.12829486627865
123.85842506108558
93.95243781343031
132.3273772020145
91.30589026939002
140.2670198341354
89.18865223415779
147.6773529574482
91.30589026939002
154.02906706314488
93.95243781343031
89.98261649736988
139.4730555709233
100.03949716472297
142.64891262377165
109.56706832326802
142.64891262377165
118.03602046419695
136.826508026883
109.03775881445996
135.7678890092669
98.98087814710685
136.29719851807494
156.14630509837713
137.35581753569107
165.1445667481141
144.23684115019583
174.67213790665915
145.29546016781194
183.14109004758808
142.11960311496358
175.73075692427528
138.41443655330718
166.73249527453828
137.35581753569107
100.03949716472297
83.36624763726914
114.33085390254054
85.48348567250137
128.6222106403581
86.01279518130943
137.62047229009508
83.8955571460772
146.089424431024
85.48348567250137
157.7342336248013
84.95417616369332
165.67387625692217
83.36624763726914
157.20492411599324
66.95765286421934
145.56011492221597
57.95939121448236
136.03254376367093
56.37146268805818
127.03428211393393
57.4300817056743
112.74292537611636
65.36972433779518
103.74466372637937
82.30762861965303
128.6222106403581
80.1903905844208
137.09116278128704
78.60246205799662
146.089424431024
80.1903905844208
161.96870969526577
81.77831911084498
145.56011492221597
68.01627188183546
136.56185327247897
65.89903384660323
127.563591622742
66.95765286421934
