49.60191022661353
139.13335818565096
50.593948431145805
120.78065140180396
54.56210124927489
102.42794461795695
59.522292271936244
84.07523783410994
66.96257880592827
66.71456925479521
78.86703726031553
51.33797708454501
93.25159122603344
39.433518630157764
110.11624070308204
30.505174789367324
128.46894748692907
28.025079278036646
145.8296160662438
31.00119389163346
160.21417003196171
39.929537732423896
172.11862848634897
51.83399618681114
181.54299142940553
66.21855015252908
186.99920155433304
83.08319962957768
189.97531616792983
100.93988731115854
192.95143078152665
117.80453678820714
194.43948808832505
135.16520536752188
65.970540601396
150.04577843550595
77.37897995351712
156.4940267649657
90.77149571470277
157.486064969498
103.66799237362228
154.01393125363504
115.0764317257434
147.06966382190913
143.3495205549131
147.06966382190913
155.25397900930037
153.5179121513689
167.65445656595375
156.4940267649657
179.558915020341
154.50995035590117
188.48725886113144
147.56568292417526
129.95700479372746
131.69307165165893
129.95700479372746
119.29259409500555
130.4530238959936
106.89211653835217
130.4530238959936
94.98765808396492
117.06050813480795
87.5473715499729
123.5087564642677
85.06727603864222
130.4530238959936
83.08319962957768
135.90923402092108
85.06727603864222
140.86942504358245
87.05135244770675
81.84315187391233
132.68510985619122
90.77149571470277
136.6532626743203
101.18789686229161
136.15724357205414
109.12420249854978
129.21297614032827
100.19585865775935
126.73288062899758
89.7794575101705
127.22889973126372
146.82165427077607
128.71695703806213
154.75795990703423
135.661224469788
165.17436105462306
136.15724357205414
172.6146475886151
132.18909075392506
166.16639925915536
127.22889973126372
156.24601721383263
126.73288062899758
101.68391596455774
65.2265119479968
114.08439352121113
68.20262656159362
123.01273736200157
71.17874117519042
129.46098569146133
69.19466476612588
135.90923402092108
70.68272207292429
144.83757786171154
68.20262656159362
154.75795990703423
66.21855015252908
145.8296160662438
57.78622541400477
137.3972913277195
55.306129902674094
130.4530238959936
54.810110800407955
123.5087564642677
54.810110800407955
114.08439352121113
57.78622541400477
107.14012608948524
64.23447374346453
123.01273736200157
64.23447374346453
129.46098569146133
63.738454641198395
136.40525312318724
64.23447374346453
150.78980708890515
64.73049284573067
136.90127222545337
64.73049284573067
129.95700479372746
64.23447374346453
123.5087564642677
64.73049284573067
