62.37485676018643
127.53883313160071
61.360631447012665
109.78989015105985
62.37485676018643
91.53383451393212
64.91042004312084
72.7706662202175
72.51710989192406
55.021723239676646
83.67358833683545
40.31545619865708
98.37985537785502
27.130527127398164
115.11457304522212
17.495386652247415
132.3564033691761
14.959823369313005
149.09112103654317
19.52383727859494
163.29027542097586
31.187428380093216
175.460979179061
45.3865827645259
185.09611965421178
61.10707511871923
190.67435887666747
78.85601809926008
193.20992215960186
96.60496107980093
193.71703481618874
113.8467914037549
192.702809503015
131.59573438429575
73.02422254851095
145.79488876872844
83.67358833683545
152.89446596094479
96.3514047515075
153.40157861753167
108.52210850959266
150.3589026780104
119.17147429791717
144.78066345555467
144.52710712726125
145.28777611214156
155.68358557217263
151.37312799118413
167.3471766736709
154.41580393070544
179.51788043175608
153.40157861753167
187.63168293714617
145.79488876872844
132.86351602576298
134.13129766723017
133.37062868234986
121.45348125255813
133.87774133893674
108.7756648378861
134.3848539955236
96.09784842321406
117.65013632815652
88.49115857441083
125.25682617695975
86.46270794806331
133.37062868234986
83.92714466512889
140.97731853115306
86.46270794806331
147.56978306678252
88.99827123099772
85.1949263065961
134.13129766723017
94.32295412515997
139.20242423309898
103.95809460031072
138.1881989199252
113.08612241887458
130.07439641453513
103.45098194372383
130.07439641453513
93.81584146857308
130.581509071122
149.59823369313006
131.08862172770887
158.21914885510705
139.20242423309898
167.85428933025779
139.70953688968586
175.9680918356479
134.63841032381706
169.37562730001844
130.581509071122
159.7404868248677
130.07439641453513
92.80161615539933
75.30622950315191
109.53633382276641
75.8133421597388
123.7354882071991
76.32045481632568
132.3564033691761
74.29200418997814
141.48443118773994
76.32045481632568
154.16224760241198
76.32045481632568
166.33295136049716
76.32045481632568
154.16224760241198
60.599962462132346
141.99154384432683
53.500385269916
132.3564033691761
51.97904730015536
122.21415023743846
52.993272613329125
108.52210850959266
58.57151183578482
96.85851740809437
73.78489153339126
123.22837555061221
71.24932825045686
132.3564033691761
70.2351029372831
141.48443118773994
71.75644090704374
161.7689374512152
74.79911684656503
141.48443118773994
61.10707511871923
131.8492907125892
59.585737148958586
122.72126289402533
60.09284980554546
