58.59197415331006
132.82502615263084
59.58505846099328
114.45296646049125
61.571227076359726
96.08090676835167
64.05393784556777
77.70884707621207
69.5159015378255
60.82641384559731
79.94328676849932
45.43360707650738
92.8533827683812
32.523511076625496
109.23927384515434
22.592667999793285
127.61133353729394
19.61341507674362
145.48685107559191
22.592667999793285
161.37619999852348
32.523511076625496
173.29321169072213
45.43360707650738
182.72751261371272
60.82641384559731
188.18947630597043
77.70884707621207
190.6721870751785
96.08090676835167
193.65143999822817
113.95642430664965
196.1341507674362
133.32156830647247
70.50898584550872
147.72129076787917
78.9502024608161
154.67288092166172
90.37067199917314
156.65904953702815
102.2876836913718
154.67288092166172
113.70815322972885
150.20400153708724
141.51451384485904
150.20400153708724
152.9349833832161
155.16942307550335
165.34853722925635
157.15559169086978
177.265548921455
154.1763387678201
185.7067655367624
146.72820646019596
127.11479138345233
134.8111947679973
127.11479138345233
122.39764092195703
126.61824922961073
109.98408707591676
126.61824922961073
98.0670753837181
113.70815322972885
90.12240092225234
120.16320122966978
88.6327744607275
127.11479138345233
86.64660584536107
133.56983938339326
89.12931661456912
140.52142953717583
91.11548522993556
83.91562399923221
130.8388575372644
91.86029846069798
134.31465261415568
100.79805722984696
133.81811046031407
108.24618953747112
128.85268892189796
99.80497292216374
127.36306246037314
90.86721415301476
127.85960461421475
147.47301969095838
128.85268892189796
155.41769415242413
133.32156830647247
163.85891076773152
133.81811046031407
171.3070430753557
130.8388575372644
164.85199507541475
127.85960461421475
155.91423630626576
127.36306246037314
96.32917784527247
69.26763046090468
108.24618953747112
72.24688338395435
118.17703261430334
73.23996769163757
127.11479138345233
71.75034123011274
136.54909230644293
73.73650984547919
147.47301969095838
73.73650984547919
159.39003138315704
71.25379907627114
148.9626461524832
56.35753446102281
137.54217661412616
50.39902861492348
128.10787569113555
49.40594430724026
118.67357476814495
50.39902861492348
107.2531052297879
54.86790799949798
101.29459938368858
68.27454615322146
118.67357476814495
68.27454615322146
127.61133353729394
67.77800399937986
136.54909230644293
69.26763046090468
154.42460984474093
69.7641726147463
137.54217661412616
60.3298716917557
128.10787569113555
59.33678738407247
118.67357476814495
60.3298716917557
