62.3611228012771
141.22960163818638
63.933251947527786
121.84000883442795
66.55346719127893
102.45041603066952
69.69772548378029
83.0608232269111
75.4621990200328
64.1952734719029
85.94305999503734
47.94993896064584
99.56817926254327
33.27673359563946
115.81351377380032
22.271829571884677
135.72714962630897
19.12757127938331
155.64078547881763
22.271829571884677
170.83803389257423
33.27673359563946
184.9871962088304
47.42589591189561
195.46805718383493
63.67123042315267
200.70848767133722
82.53678017816087
202.80465986633814
101.92637298191929
205.42487511008926
120.79192273692749
206.47296120758972
140.18151554068592
73.36602682503188
144.37385993068773
82.79880170253598
153.2825917594416
96.4239209700419
155.37876395444252
110.04904023754783
152.23450566194114
123.15011645630352
148.04216127193934
147.256096698814
148.04216127193934
160.3571729175697
153.2825917594416
173.45824913632538
155.37876395444252
187.0833684038313
153.2825917594416
195.46805718383493
144.37385993068773
134.6790635288085
139.6574724919357
134.1550204800583
127.08043932193023
133.63097743130808
115.02744920067498
133.10693438255785
102.45041603066952
119.48181511505192
96.16189944566679
126.29437474880488
94.06572725066587
133.63097743130808
91.96955505566497
140.96758011381127
94.06572725066587
147.78013974756422
96.16189944566679
90.6594474337894
137.56130029693477
98.52009316504281
140.70555858943615
106.90478194504645
140.70555858943615
114.24138462754965
137.03725724818455
106.38073889629622
134.94108505318363
97.47200706754236
134.94108505318363
154.06865633256695
137.03725724818455
161.92930206382036
141.22960163818638
170.83803389257423
141.22960163818638
178.17463657507741
138.085343345685
171.36207694132446
135.46512810193386
162.97738816132082
135.46512810193386
105.856695847546
77.29634969065859
116.86159987130078
78.34443578815905
126.81841779755511
78.86847883690928
134.6790635288085
76.24826359315813
142.53970926006195
78.86847883690928
152.49652718631626
78.34443578815905
164.02547425882128
77.82039273940882
153.0205702350665
69.43570395940517
143.58779535756238
66.29144566690381
135.20310657755874
65.76740261815358
126.81841779755511
66.29144566690381
117.38564292005101
69.9597470081554
110.04904023754783
76.24826359315813
126.29437474880488
72.57996225190654
134.6790635288085
71.53187615440609
143.06375230881218
73.10400530065677
160.3571729175697
76.24826359315813
143.06375230881218
73.628048349407
135.20310657755874
72.57996225190654
126.81841779755511
73.628048349407
