60.97320000919338
149.59102883611425
63.55681017907445
130.98903561297053
67.69058645088417
112.38704238982677
71.82436272269389
94.30177120065925
78.54174916438468
77.24994407944415
89.3929118778852
61.23156102618148
102.31096272729057
48.313510176776106
116.7791796786246
36.42890339532316
133.31428476586348
32.29512712351344
150.36611188707857
35.912181361346946
165.86777290636502
47.280066108823675
178.7858237557704
60.714838992205266
190.15370850324715
76.21650001149172
197.38781697891415
92.75160509873061
200.48814918277145
111.87032035585055
204.10520342060494
130.4723135789943
205.13864748855738
149.07430680213804
71.30764068871768
162.50907968551962
82.1588034022182
167.6763000252818
95.07685425162357
166.64285595732935
107.47818306705273
163.02580171949586
118.84606781452946
156.82513731178128
145.19889154731644
157.8585813797337
156.56677629479316
162.50907968551962
168.45138307624612
166.12613392335314
180.85271189167526
166.64285595732935
192.220596639152
162.50907968551962
131.76411866393482
141.84019832647104
131.76411866393482
129.95559154501808
131.24739662995862
118.07098476356514
131.24739662995862
106.18637798211219
119.87951188248189
97.91882543849275
125.56345425622025
95.85193730258788
131.76411866393482
94.30177120065925
137.9647830716494
95.85193730258788
143.64872544538778
97.91882543849275
87.32602374198034
139.25658815658994
96.110298319576
139.77331019056618
104.89457289717166
139.77331019056618
113.1621254407911
137.70642205466132
104.37785086319543
135.63953391875646
95.59357628559978
135.63953391875646
152.43300002298344
137.18970002068508
160.70055256660288
139.25658815658994
169.48482714419853
139.25658815658994
177.75237968781798
138.73986612261373
170.00154917817474
134.606089850804
161.2172746005791
134.606089850804
107.47818306705273
74.66633390956308
116.26245764464838
80.35027628330144
125.04673222224405
83.45060848715873
132.28084069791106
81.38372035125387
140.5483932415305
83.45060848715873
150.36611188707857
80.35027628330144
159.66710849865044
74.14961187558686
151.39955595503102
62.78172712811013
141.58183730948292
58.647950856300405
133.31428476586348
58.13122882232419
125.56345425622025
58.647950856300405
115.74573561067217
63.29844916208634
112.64540340681488
73.63288984161065
125.56345425622025
75.18305594353929
132.79756273188727
74.66633390956308
140.5483932415305
75.18305594353929
154.4998881588883
73.63288984161065
141.0651152755067
70.53255763775336
133.31428476586348
70.01583560377713
125.56345425622025
70.53255763775336
