56.043960874546386
121.4285818948505
57.48098551235527
103.70527802854096
58.91801015016415
85.98197416223142
59.87602657537007
68.25867029592187
65.14511691400264
52.451399280024184
75.68329759126777
39.518177539744244
89.09552754415067
28.500988649876152
104.90279856004837
18.920824397816943
120.2310613633431
16.04677512219918
136.51734059184375
17.96280797261102
152.32461160774145
26.10594758686135
166.21584977322732
36.64412826412648
177.71204687569838
49.57735000440642
183.93915363953684
65.86362923290707
187.29221112775758
82.6289166740107
191.12427682858126
99.39420411511432
194.95634252940494
117.11750798142386
67.06114976441448
143.94196788718963
75.20428937866481
150.16907465102813
85.74247005592994
152.08510750143998
96.75965894579804
150.16907465102813
107.29783962306317
146.33700895020445
138.91238165485856
144.89998431239556
151.36659518253555
149.2110582258222
163.34180049760954
150.16907465102813
174.8379976000806
145.8580007376015
182.50212900172798
137.2358529107482
123.58411885156383
128.6137050838949
123.10511063896087
118.55453261923273
122.14709421375494
108.97436836717353
121.66808600115198
98.91519590251136
110.17188889868093
88.85602343784919
115.91998744991645
87.89800701264326
121.66808600115198
85.98197416223142
127.4161845523875
86.93999058743734
133.16428310362303
87.89800701264326
80.47337971729738
126.21866402088011
88.6165193315477
130.52973793430675
97.71767537100395
130.0507297217038
105.38180677265132
124.30263117046826
96.75965894579804
122.86560653265938
87.65850290634178
122.86560653265938
142.26543914307928
123.34461474526235
150.40857875732962
129.09271329649786
159.0307265841829
129.09271329649786
166.21584977322732
123.8236229578653
159.0307265841829
121.4285818948505
150.40857875732962
121.4285818948505
91.49056860716547
66.821645658113
101.54974107182764
72.56974420934853
113.0459381742987
74.96478527236333
121.18907778854901
73.04875242195149
128.8532091901964
74.96478527236333
141.30742271787335
72.09073599674556
151.84560339513848
65.86362923290707
141.30742271787335
51.97239106742122
129.33221740279936
45.745284303582736
120.71006957594606
44.78726787837681
112.08792174909277
45.745284303582736
100.59172464662171
51.49338285481826
94.84362609538618
66.34263744551004
113.0459381742987
69.2166867211278
121.18907778854901
68.25867029592187
128.8532091901964
69.2166867211278
148.49254590691777
65.38462102030411
129.33221740279936
54.36743213043602
121.18907778854901
52.93040749262714
112.56692996169573
53.88842391783306
