56.63790073491862
145.16651134310223
57.14815209289086
125.77695974015711
60.2096602407243
106.89765949518424
63.27116838855774
87.50810789223912
69.39418468422461
69.64931036321073
81.12996591758613
54.34176962404354
95.92725529878109
41.58548567473755
111.74504739592052
29.84970444137603
129.6038449249489
26.78819629354259
146.95239109600507
31.380458515292748
161.2394291192278
44.13674246459875
173.99571306853377
57.913529129849216
184.7109915859508
73.22106986901642
190.83400788161768
89.54911332412809
194.40576738742337
106.89765949518424
196.44677281931234
123.73595430826816
196.44677281931234
140.57424912135207
70.4146874001691
150.77927628079686
81.64021727555837
157.41254393443597
95.41700394080884
157.41254393443597
108.68353924808709
152.8202817126858
121.43982319739308
145.67676270107447
147.97289381194955
146.1870140590467
158.68817232936658
153.33053307065808
169.91370220475585
156.90229257646374
182.15973479608962
156.90229257646374
190.83400788161768
151.2895276387691
134.19610714669906
132.92047875176848
134.19610714669906
120.16419480246248
134.19610714669906
107.40791085315648
134.19610714669906
94.65162690385048
119.39881776550412
89.03886196615585
126.03208541914323
85.97735381832241
132.66535307278235
83.42609702846121
138.78836936844922
85.97735381832241
144.40113430614386
89.03886196615585
85.7222281393363
134.96148418365743
94.39650122486437
140.57424912135207
105.62203110025364
139.04349504743536
114.29630418578172
130.36922196190727
104.09127702633693
128.83846788799056
93.37599850891989
129.85897060393503
150.0138992438385
130.36922196190727
159.19842368733882
139.04349504743536
169.4034508467836
140.06399776337983
177.56747257433946
134.96148418365743
170.93420492070035
129.3487192459628
160.72917776125556
128.83846788799056
100.51951752053124
73.73132122698865
113.78605282780948
73.22106986901642
125.01158270319875
73.73132122698865
131.64485035683788
72.20056715307193
139.8088720843937
74.24157258496089
149.50364788586626
73.73132122698865
160.2189264032833
74.75182394293313
150.52415060181076
61.485288635654896
140.31912344236596
54.85202098201578
132.15510171481012
53.32126690809906
124.50133134522652
53.8315182660713
113.27580146983723
59.44428320376594
105.62203110025364
71.18006443712746
125.01158270319875
69.64931036321073
131.64485035683788
68.62880764726626
139.8088720843937
69.64931036321073
155.1164128235609
71.69031579509969
139.8088720843937
64.54679678348833
132.15510171481012
63.016042709571614
125.01158270319875
63.52629406754386
