53.40834660854109
145.72848860330498
53.40834660854109
125.38245180005123
55.44295028886646
104.01911315663479
60.02080856959856
83.67307635338103
70.19382697122543
65.87029415053401
82.91009997325902
50.102115628012356
97.660976655618
34.3339371054907
111.90320241789561
21.61766410345711
128.18003186049862
19.07440950305039
142.9309085428576
22.634965943619797
153.10392694448447
36.36854078581607
162.76829442603
51.62806838825639
173.4499637477382
66.37894507061536
182.09702938912105
82.65577451321835
187.69218951001582
100.45855671606539
189.21814227025988
118.76998983899375
189.7267931903412
136.06412112175946
71.71977973146946
144.20253584306096
80.87549629293365
154.88420516476916
95.62637297529263
157.93611068525723
111.39455149781428
156.41015792501318
126.14542818017324
150.8149978041184
142.9309085428576
146.74579044346765
153.6125778645658
151.32364872419976
165.3115490264367
153.35825240452513
177.01052018830762
153.35825240452513
184.13163306944642
146.23713952338633
133.7751919813934
134.5381683615154
134.28384290147474
121.31324443940048
134.7924938215561
108.08832051728554
135.80979566171877
94.8633965951706
113.42915517813965
89.26823647427582
124.11082449984787
87.23363279395045
133.7751919813934
83.1644254332997
143.43955946293892
87.23363279395045
152.59527602440312
90.79418923451985
85.96200549374709
136.06412112175946
95.62637297529263
138.09872480208483
104.7820895367568
137.59007388200348
112.9205042580583
132.50356468119003
103.76478769659411
132.50356468119003
94.60907113512994
133.01221560127138
149.54337050391504
132.50356468119003
158.69908706537925
137.08142296192213
166.83750178668075
137.08142296192213
173.95861466781955
134.02951744143408
166.83750178668075
131.9949137611087
158.1904361452979
131.9949137611087
92.57446745480456
76.55196347224224
108.34264597732621
76.55196347224224
122.58487173960384
77.06061439232357
132.75789014123072
75.0260107119982
142.42225762277624
77.56926531240492
156.15583246497252
78.07791623248626
166.83750178668075
78.58656715256761
156.66448338505387
59.257832189476545
143.94821038302027
50.102115628012356
132.75789014123072
47.55886102760564
121.56756989944115
48.576162867768325
107.32534413716353
56.714577589069826
97.15232573553665
74.51735979191686
122.07622081952249
71.97410519151013
132.75789014123072
70.95680335134745
142.9309085428576
72.48275611159148
163.78559626619267
76.55196347224224
143.43955946293892
60.78378494972058
133.26654106131204
58.7491812693952
122.07622081952249
59.76648310955789
