67.9700876025232
122.95977653095342
66.08202961356422
108.32732711652135
66.55404411080396
93.69487770208927
68.91411659700269
78.1183992931777
73.63426156940012
61.597891889786645
81.65850802247579
45.549398983635335
91.09879796727067
29.500906077484025
101.01110240930531
14.396442165812205
117.05959531545662
9.204282696175015
135.9401752050464
9.676297193414761
154.82075509463618
17.700543646490416
172.2852914925067
29.500906077484025
187.38975540417854
44.60536998915585
197.30205984621315
62.54192088426613
202.49421931585036
81.89451527109566
205.32630629928883
102.66315314964442
206.74234979100805
123.43179102819316
67.49807310528345
139.00826943710473
74.10627606663988
144.20042890674193
83.54656601143476
143.25639991226242
93.4588704534694
140.42431292882395
102.89916039826429
135.70416795642652
126.4998852602515
136.648196950906
140.18830568020408
139.9522984315842
153.40471160291693
141.8403564205432
167.09313202286953
140.42431292882395
180.78155244282212
135.70416795642652
112.81146484029891
123.90380552543292
110.92340685133993
111.63142859719956
109.03534886238096
98.88703717172646
106.67527637618224
86.14264574625335
98.65102992310658
82.83854426557515
103.37117489550403
78.1183992931777
110.4513923541002
74.81429781249949
118.9476533044156
78.1183992931777
127.443914254731
80.95048627661618
78.35440654179757
126.26387801163163
85.43462400039374
130.0399939895496
94.87491394518862
129.0959649950701
102.89916039826429
122.48776203371368
93.4588704534694
121.54373303923418
84.49059500591426
122.48776203371368
136.88420419952587
121.54373303923418
144.90845065260154
127.20790700611113
154.34874059739641
127.20790700611113
162.84500154771183
122.48776203371368
155.29276959187592
119.6556750502752
145.85247964708103
119.6556750502752
88.26671098383221
71.51019633182128
95.34692844242838
71.98221082906102
105.73124738170274
70.5661673373418
114.22750833201815
68.67810934838282
124.61182727129253
70.09415284010204
140.66032017744385
70.09415284010204
156.2367985863554
66.31803686218409
142.5483781664028
49.32551496155329
126.02787076301176
41.77328300571738
115.17153732649764
41.301268508477634
105.259232884463
43.18932649743662
94.87491394518862
51.68558744775201
92.98685595622965
68.67810934838282
105.259232884463
66.79005135942384
114.6995228292579
64.42997887322511
124.61182727129253
65.84602236494435
152.46068260843745
65.3740078677046
125.55585626577202
51.21357295051227
115.17153732649764
50.741558453272525
105.259232884463
53.10163093947125
