70.94410338770344
148.06894305539618
71.48155871639815
130.33291720847032
73.63138003117704
113.1343466902392
77.93102266073484
96.47323150070278
84.91794193376623
79.81211631116636
95.6670485076607
64.2259117790194
107.4910657389446
49.71461790426188
119.3150829702285
34.66586870080963
135.97619815976492
28.75386008516768
153.17476867799604
31.97859205733602
168.76097321014302
43.80260928861993
183.27226708490053
57.238992505988
196.1711949735739
72.28774170944024
205.3079355613842
88.41140157028194
209.60757819094198
106.68488274590251
212.2948548344156
124.9583639215231
213.90722082049976
143.2318450971437
75.24374601726122
155.0558623284276
84.91794193376623
161.50532627276425
98.3543251511343
160.96787094406955
111.79070836850238
157.20568364320647
123.6147255997863
151.29367502756452
147.80021539104882
152.36858568495398
160.69914327972216
157.7431389719012
173.59807116839553
160.4304156153748
187.57190971445831
159.89296028668008
199.93338227443695
153.98095167103813
135.97619815976492
139.46965779628061
134.90128750237548
124.42090859282837
134.36383217368075
108.8347040606814
133.82637684498602
93.78595485722916
117.16526165544961
95.93577617200806
125.22709158587045
90.56122288506083
134.36383217368075
85.72412492680832
145.1129387475752
90.0237675563661
154.2496793353855
93.78595485722916
89.21758456332402
143.2318450971437
97.27941449374487
147.53148772670147
108.02852106763932
146.456577069312
117.16526165544961
137.85729181019644
106.95361041024988
137.31983648150174
96.20450383635541
138.39474713889118
156.39950065016438
136.24492582411227
164.99878590927997
144.84421108322786
175.7478924831744
145.9191217406173
184.8846330709847
140.54456845367005
176.82280314056388
136.24492582411227
166.61115189536412
135.17001516672283
99.96669113721848
87.8739462415872
112.86561902589183
85.72412492680832
126.3020022432599
83.57430361202942
135.4387428310702
81.42448229725053
146.18784940496465
83.57430361202942
161.2365986084169
84.11175894072414
176.28534781186914
85.1866695981136
161.77405393711163
66.37573309379829
146.72530473365939
57.77644783468272
134.90128750237548
56.701537177293275
124.68963625717574
58.851358492072166
111.79070836850238
68.52555440857718
104.80378909547099
85.1866695981136
125.76454691456519
78.73720565377693
135.4387428310702
77.12483966769275
146.18784940496465
78.19975032508219
171.98570518231136
83.57430361202942
146.18784940496465
67.98809907988246
135.4387428310702
66.37573309379829
125.22709158587045
69.06300973727191
