33.946591760425655
108.85540424509827
35.75707665431502
89.8453128592599
38.47280399514908
71.28784269689388
43.45163745334484
53.182993758000194
53.40930436973636
36.88862971299588
68.34580474432366
24.667856679242643
86.45065368321734
16.520674656740486
104.55550262211102
9.731356304655355
122.6603515610047
7.015628963821302
138.95471560600902
10.183977528127697
151.62810986323458
21.046886891463906
161.58577677962612
35.07814481910651
167.01723146129422
50.46726641716614
170.18558002560061
66.76163046217046
171.54344369601765
82.60337328370242
171.0908224725453
98.4451161052344
168.82771635518358
113.38161647982169
62.00910761571086
136.46529887691113
71.51415330863004
143.25461722899627
82.82968389543859
145.06510212288563
95.05045692919184
142.34937478205157
105.4607450690557
137.3705413238558
128.09180624267282
133.74957153607707
136.23898826517495
138.72840499427284
146.19665518156648
140.5388898881622
155.24907965101332
138.2757837708005
161.13315555615378
131.48646541871537
118.58676054975362
122.43404094926852
120.84986666711534
114.28685892676637
123.11297278447704
106.13967690426422
125.82870012531109
97.99249488176206
109.08171485683444
87.58220674189819
116.3236544323919
84.86647940106414
123.56559400794939
83.05599450717477
129.44966991308982
84.41385817759179
134.4285033712856
86.6769642949535
76.49298676682581
121.0761772788515
83.28230511891094
125.60238951357492
90.97686591794076
125.14976829010259
96.8609418230812
118.81307116148979
90.07162347099607
118.36044993801745
82.82968389543859
118.81307116148979
133.07063970086855
117.00258626760042
139.8599580529537
121.52879850232384
147.10189762851118
121.52879850232384
152.53335231017928
116.54996504412809
147.10189762851118
115.19210137371105
140.76520049989838
115.6447225971834
90.07162347099607
57.70920599272361
101.83977528127697
68.11949413258748
114.51316953850254
72.64570636731091
122.6603515610047
70.83522147342153
129.44966991308982
71.74046392036621
138.95471560600902
66.76163046217046
144.38617028767712
55.898721098834244
138.50209438253668
45.48843295897038
128.9970486896175
40.962220724246954
121.30248789058767
40.962220724246954
113.15530586808552
41.86746317119164
100.48191161085994
46.39367540591506
94.59783570571949
57.25658476925127
114.51316953850254
63.14066067439172
122.20773033753235
62.688039450919376
128.9970486896175
62.235418227447035
139.8599580529537
55.898721098834244
128.54442746614515
49.56202397022145
121.75510911406002
49.56202397022145
113.60792709155785
50.014645193693795
