59.23734493899535
119.63166927133045
59.23734493899535
103.89674952190981
60.16292845366715
88.16182977248917
62.476887240346656
71.96411826573264
66.64201305636976
56.22919851631199
74.04668117374419
41.419862281563155
84.22809983513402
28.46169307615792
97.18626904053924
17.817482657432194
113.38398054729579
13.652356841409084
132.35844259806774
15.040732113416787
150.87011289150377
22.908191988127108
167.0678243982603
34.015194164188735
180.48878536100145
48.36173864160167
187.89345347837587
65.48503366303001
191.59578753706307
83.99670395646606
195.76091335308618
102.5083742499021
198.5376638971016
121.02004454333816
65.71642954169796
140.457298351446
72.65830590173648
147.39917471148453
82.83972456312631
149.25034174082813
93.48393498185203
147.8619664688204
103.20256188590596
143.2340488954614
124.95377448069331
142.77125713812552
137.44915192876266
148.32475822615632
150.4073211341679
150.17592525549992
163.3654903395731
147.8619664688204
173.54690900096293
140.457298351446
112.92118878995988
127.49912914604077
111.99560527528809
116.39212696997915
110.60723000328038
104.82233303658161
109.21885473127267
93.71533086051998
98.11185255521104
84.92228747113786
104.12814540057776
82.60832868445836
111.07002176061629
80.29436989777885
119.4002733926625
82.60832868445836
127.73052502470873
84.92228747113786
75.89784820308779
122.87121157268176
82.83972456312631
127.49912914604077
92.09555970984434
127.49912914604077
99.50022782721875
121.48283630067405
91.16997619517252
119.63166927133045
82.3769328057904
119.63166927133045
133.28402611273953
121.48283630067405
141.61427774478577
127.49912914604077
151.33290464883967
128.42471266071257
159.20036452355
123.79679508735356
151.79569640617558
120.55725278600225
142.53986125945755
120.09446102866636
84.22809983513402
65.02224190569412
93.48393498185203
69.65015947905313
104.12814540057776
71.03853475106082
112.92118878995988
69.18736772171722
122.17702393667791
71.03853475106082
136.52356841409085
69.18736772171722
151.33290464883967
65.48503366303001
137.44915192876266
49.750113913609376
123.10260745134971
43.73382106824266
112.92118878995988
42.808237553570855
103.66535364324186
44.19661282557856
93.02114322451614
51.138489185617075
88.39322565115712
64.09665839102232
104.12814540057776
66.41061717770182
112.92118878995988
65.48503366303001
122.17702393667791
65.94782542036592
147.63057059015247
64.09665839102232
122.6398156940138
52.52686445762478
112.92118878995988
51.60128094295298
103.66535364324186
52.98965621496068
