55.832996601480154
135.34516586876663
56.33150549970765
115.40480993966656
58.32554109261766
95.96296290879401
61.31659448198267
76.52111587792146
67.79721015894019
59.07330443995891
78.76440591994522
43.12101969667887
92.72265507031526
30.159788342763832
109.1734487118228
20.189610378213807
128.11678684446784
17.198556988848797
145.5645982824304
21.186628174668808
158.02732073811794
32.15382393567384
169.49302539735046
45.115055289588874
176.97065887076297
60.070322236413915
180.958730056583
76.52111587792146
183.94978344594801
93.4704184176565
186.4423279370855
110.91822985561906
186.940836835313
128.86455019180912
70.7882635483052
144.81683493508916
81.25695041108273
152.79297730672917
95.21519956145276
152.79297730672917
108.6749398135953
149.80192391736415
121.63617116751034
145.31534383331666
141.5765270966104
145.81385273154416
154.03924955229792
149.80192391736415
166.00346310975794
151.29745061204667
177.4691677689905
148.80490612090915
183.94978344594801
139.33323705458665
132.60336692851536
133.3511302758566
133.10187582674286
122.88244341307909
133.60038472497035
112.91226544852906
134.59740252142538
101.94506968752403
119.14362667637283
90.4793650282915
125.62424235333035
88.48532943538149
132.60336692851536
85.992784944244
138.08696480901787
87.98682053715399
143.0720537912929
89.980856130064
86.74054829158524
134.34814807231163
94.71669066322526
140.33025485104164
104.68686862777528
139.33323705458665
111.66599320296031
131.3570946829466
103.68985083132029
129.8615679882641
93.71967286677025
130.3600768864916
146.0631071806579
129.8615679882641
154.03924955229792
137.83771035990412
163.51091861862045
137.33920146167662
169.99153429557796
131.3570946829466
164.00942751684795
127.8675323953541
155.03626734875292
127.8675323953541
105.6838864242303
62.56286672755142
116.15257328700783
66.55093791337143
125.62424235333035
69.04348240450894
132.10485803028786
67.04944681159894
138.58547370724537
69.04348240450894
146.5616160788854
66.55093791337143
154.03924955229792
62.56286672755142
147.0601249771129
53.589706559456395
139.5824915037004
49.103126475408885
132.10485803028786
48.604617577181386
125.12573345510285
49.103126475408885
115.15555549055281
53.0911976612289
110.1704665082778
62.064357829323924
125.62424235333035
63.06137562577892
132.10485803028786
62.064357829323924
138.58547370724537
63.06137562577892
149.5526694682504
62.064357829323924
139.08398260547287
60.070322236413915
132.10485803028786
59.07330443995891
125.62424235333035
59.571813338186416
