65.70840619538843
128.20549930603985
64.22626169474059
111.9019097989134
64.7203098616232
96.09236845866957
67.1905506960363
79.29473078466049
73.11912869862773
63.97923761129927
83.98818837004538
49.6518407717033
95.84534437522825
36.80658843275518
108.19654854729374
23.961336093807063
124.5001380544202
19.514902591863486
141.7918238953119
21.491095259393962
159.57755790308622
31.37205859704636
175.88114741021266
43.229214602229234
189.71449608292602
56.56851510805998
198.11331491993056
72.87210461518643
201.5716520881089
91.15188678984336
202.55974842187413
108.44357263073506
203.54784475563937
126.72335480539199
68.67269519668416
145.49718514693154
76.57746586680608
153.40195581705348
87.94057370510633
153.89600398393608
99.7977297102892
150.43766681575775
109.67869304794161
144.0150406462837
137.34539039336832
144.5090888131663
150.19064273231643
150.43766681575775
163.52994323814718
153.40195581705348
177.36329191086054
150.93171498264036
188.72639974916078
143.52099247940106
121.53584905312448
131.6638364742182
120.54775271935924
118.32453596838745
119.06560821871139
105.47928362943934
117.58346371806353
92.63403129049122
107.2084522135285
88.18759778854765
112.64298204923733
84.7292606203693
119.06560821871139
81.76497161907359
126.97037888883331
85.22330878725192
134.3811013920726
87.69354962166503
81.02389936874965
131.6638364742182
89.4227182057542
135.61622180927915
98.80963337652398
134.6281254755139
107.2084522135285
127.21740297227461
97.82153704275873
127.21740297227461
87.94057370510633
127.71145113915723
143.76801656284238
127.21740297227461
152.66088356672952
134.13407730863128
162.54184690438194
134.6281254755139
170.94066574138648
130.18169197357034
163.03589507126455
126.72335480539199
153.64897990049477
126.72335480539199
92.88105537393253
74.35424911583429
102.76201871158493
73.86020094895167
113.13703021611995
73.86020094895167
121.04180088624186
71.88400828142119
129.93466789012902
73.86020094895167
145.25016106349022
73.86020094895167
162.0477987374993
74.35424911583429
147.2263537310207
56.074466941177356
131.9108605576595
48.66374443793806
122.52394538688972
47.675648104172815
113.63107838300256
49.15779260482068
103.25606687846755
57.55661144182521
97.82153704275873
71.88400828142119
113.13703021611995
69.9078156138907
121.04180088624186
68.42567111324286
129.93466789012902
69.9078156138907
158.09541340243834
72.37805644830381
131.41681239077687
56.56851510805998
122.0298972200071
55.580418774294735
113.63107838300256
57.06256327494259
