47.87292806874037
144.86547504134455
48.87028073683913
124.9184216793694
52.36101507518478
104.97136831739425
56.84910208162919
85.02431495541909
64.82792342641925
66.57329059559207
78.29218444575248
50.61564790601195
94.74850346938197
37.6500632207281
113.19952782920899
26.18050753759239
130.15452318688787
24.185802201394875
145.61348954241862
29.67124187593804
159.07775056175186
43.13550289527127
172.04333524703569
56.10108758055512
182.01686192802327
69.56534859988835
188.0009779366158
86.52034395756723
190.9930359409121
103.97401564929548
192.98774127710962
121.92636367507312
192.98774127710962
139.87871170085077
68.81733409881429
144.86547504134455
80.28688978195
149.35356204778896
92.75379813318446
150.8495910499371
105.22070648441894
148.85488571373958
117.18893850160403
143.36944603919642
147.10951854456675
143.36944603919642
156.58436889150497
149.35356204778896
167.0565719065419
152.34562005208522
178.02745125562825
151.84694371803585
186.0062726004183
146.3615040434927
132.64790485713476
130.40386135391256
133.14658119118414
116.44092400052996
133.64525752523352
102.47798664714735
134.1439338592829
89.01372562781413
118.68496750375216
85.52299128946846
125.66643618044347
83.02960961922157
132.64790485713476
80.0375516149253
139.1306971997767
83.02960961922157
144.11746054027049
86.52034395756723
83.77762412029564
131.8998903560607
92.25512179913508
135.88930102845572
101.72997214607328
134.89194836035696
109.21011715681396
128.40915601771505
100.73261947797452
127.91047968366567
91.25776913103633
127.91047968366567
147.60819487861613
128.90783235176443
155.08833988935683
136.38797736250513
164.56319023629501
137.38533003060388
172.5420115810851
133.39591935820883
165.56054290439377
129.90518501986318
156.58436889150497
128.90783235176443
94.74850346938197
72.55740660418462
108.71144082276459
73.056082938234
121.17834917399905
73.056082938234
130.15452318688787
72.05873027013524
138.13334453167795
73.55475927228338
148.1068712126655
74.05343560633276
159.07775056175186
74.55211194038213
149.10422388076427
59.09314558485139
139.1306971997767
52.61035324220947
130.15452318688787
51.61300057411071
121.17834917399905
52.111676908160085
108.21276448871521
58.095792916752636
99.23659047582639
71.06137760203649
121.17834917399905
69.06667226583897
130.15452318688787
68.5679959317896
138.63202086572733
69.56534859988835
154.09098722125805
72.05873027013524
138.63202086572733
61.58652725509829
130.15452318688787
60.09049825295015
121.17834917399905
60.589174586999526
