59.37267836743547
132.96486373883658
60.370538508064634
115.00338120751155
62.865188859637556
96.54296860587196
65.85876928152506
78.58148607454694
71.34700005498547
61.61786368385109
82.32346160190632
47.647821715042745
96.29350357071466
36.17243009780732
111.76033575046677
26.69275876183023
129.2228882114772
23.69917833994273
146.68544067248763
26.69275876183023
163.1501329928689
35.17456995717816
178.1180351023064
45.15317136346983
189.59342671954184
57.626423121334426
196.0795176336314
73.5921853714011
199.5720281258335
92.0525979730407
202.565608547721
110.51301057468031
204.56132882897933
129.4723532466345
68.35341963309797
147.93276584827407
77.83309096907507
154.91778683267825
89.30848258631049
156.9135071139366
101.78173434417509
154.41885676236367
112.75819589109592
148.43169591858867
141.1972098990272
149.42955605921784
154.16939172720637
154.91778683267825
166.64264348507098
157.4124371842512
179.11589524293558
155.41671690299285
190.0923567898564
148.93062598890324
127.22716793021885
133.46379380915116
126.72823785990427
119.49375184034281
126.2293077895897
106.52157001216364
125.23144764896053
93.05045811366988
113.25712596141051
89.55794762146779
119.24428680518552
86.0654371292657
125.73037771927511
83.0718567073782
133.21432877399386
86.0654371292657
139.70041968808346
89.0590175511532
82.8223916722209
132.46593366852198
91.30420286756883
137.9541644419824
101.78173434417509
136.95630430135324
109.76461546920842
128.47449310600533
100.28494413323133
127.97556303569074
90.30634272693966
128.9734231763199
147.1843707428022
127.97556303569074
155.16725186783555
135.95844416072407
165.14585327412723
136.95630430135324
173.62766446947515
131.4680735278928
166.1437134147564
127.97556303569074
156.6640420787793
126.97770289506157
93.79885321914175
77.08469586360319
106.27210497700634
79.57934621517612
117.24856652392718
79.08041614486153
126.72823785990427
77.58362593391777
136.20790919588137
78.08255600423236
149.18009102406054
78.58148607454694
163.64906306318346
76.08683572297403
150.17795116468972
62.61572382448026
137.7046994068251
57.12749305101984
127.22716793021885
56.129632910390676
117.24856652392718
57.626423121334426
105.27424483637718
63.61358396510943
98.78815392228758
75.58790565265944
117.24856652392718
75.08897558234486
126.72823785990427
73.5921853714011
136.20790919588137
74.59004551203027
159.6576225006668
74.59004551203027
137.20576933651054
64.11251403542401
127.22716793021885
63.61358396510943
117.24856652392718
64.6114441057386
