51.88367712588715
132.73154293855595
51.88367712588715
112.58254211296871
52.89112716716651
92.43354128738147
56.417202311644274
73.29199050307359
64.47680264187917
56.66906482196412
78.07737819915056
44.57966432661177
94.19657885962036
35.00888893445783
111.8269545820092
28.46046366614198
128.44988026311867
27.453013624862617
141.0430057791107
31.986538810619745
149.60633112998528
44.07593930597209
157.16220643958047
58.68396490452284
163.71063170789634
72.78826548243391
168.24415689365347
86.89256606034498
172.27395705877092
101.50059165889573
172.27395705877092
115.10116721616711
170.25905697621218
128.19801775279882
77.57365317851088
154.39171882606223
89.15932865322354
159.42896903245904
102.75990421049494
161.94759413565745
115.85675474712664
158.92524401181936
127.94615524247898
152.8805437641432
150.61378117126463
149.8581936403051
157.66593146022018
154.39171882606223
165.22180676981537
156.40661890862097
171.77023203813124
155.9028938879813
174.28885714132963
150.36191866094478
138.52438067591228
134.7464430211147
140.53928075847102
122.15331750512266
143.0579058616694
109.56019198913063
146.0802559855075
96.9670664731386
126.43498018055995
88.40374112226402
133.48713046951548
86.89256606034498
140.03555573783132
85.38139099842594
145.57653096486783
86.89256606034498
150.11005615062496
89.41119116354338
90.67050371514259
135.25016804175436
98.73010404537749
139.2799682068718
108.30087943753142
138.77624318623214
116.864204788406
132.73154293855595
107.29342939625207
129.70919281471788
97.21892898345844
130.21291783535756
145.07280594422815
131.2203678766369
153.13240627446302
137.26506812431307
161.19200660469792
136.7613431036734
166.22925681109476
132.73154293855595
161.6957316253376
128.7017427734385
153.63613129510273
128.7017427734385
108.8046044581711
63.21749009027997
122.4051800154425
68.75846531731646
133.99085549015516
72.78826548243391
140.03555573783132
71.27709042051487
144.56908092358847
72.78826548243391
150.11005615062496
70.26964037923551
151.621231212544
64.72866515219901
149.1026061093456
58.68396490452284
144.06535590294877
54.654164739405395
138.52438067591228
53.64671469812603
131.97595540759644
54.15043971876571
121.39772997416313
56.66906482196412
114.3455796852076
63.21749009027997
132.9834054488758
64.72866515219901
139.02810569655196
64.72866515219901
144.06535590294877
64.72866515219901
148.5988810887059
64.72866515219901
144.06535590294877
65.73611519347837
139.53183071719164
65.23239017283869
133.48713046951548
65.73611519347837
