61.59159990765193
138.05913708113505
63.67945075197911
119.79044219327218
67.85515244063349
102.04371001649112
71.50889141820605
84.81894055079185
76.72851852902402
68.11613379617438
86.64581003957814
53.50117788588409
99.69487781662303
42.01799824208458
114.83179643799512
32.10070673153046
131.0126404815308
29.490893176121475
147.71544723614826
32.10070673153046
164.41825399076575
42.01799824208458
178.51124718997423
53.50117788588409
189.47246412269195
67.59417108509258
195.2140539445917
83.77501512862825
198.3458302110825
102.56567272757292
201.99956918865507
120.31240490435398
204.60938274406405
138.58109979221683
70.46496599604247
151.10820485817996
79.86029479551479
157.8937201022433
91.8654371503961
158.4156828133251
103.8705795052774
155.8058692579161
115.87572186015872
151.63016756926174
145.1056336807393
152.15213028034353
157.6327387467024
157.8937201022433
169.6378811015837
161.02549636873408
182.1649861675468
159.98157094657049
192.08227767810092
153.71801841358894
130.490677770449
141.19091334762584
130.490677770449
127.61988285949913
130.490677770449
113.52688966029064
130.490677770449
99.43389646108214
119.52946083773129
92.6483812170188
124.74908794854925
90.56053037269162
131.0126404815308
88.47267952836442
137.27619301451236
91.0824930837734
142.4958201253303
93.17034392810059
86.12384732849634
137.53717437005326
93.95328799472328
142.2348387697894
103.8705795052774
142.2348387697894
111.17805746042255
135.44932352572607
102.82665408311382
134.40539810356248
93.43132528364148
134.40539810356248
151.89114892480265
136.49324894788967
159.72058959102958
143.8007269030348
169.11591839050192
144.84465232519838
176.94535905672885
140.14698792546224
170.1598438126655
136.49324894788967
160.76451501319318
135.97128623680786
103.3486167941956
67.59417108509258
113.78787101583153
72.29183548482875
124.22712523746745
75.94557446240132
131.0126404815308
74.37968632915593
137.79815572559414
76.9894998845649
147.71544723614826
74.37968632915593
158.1547014577842
70.72594735158336
148.75937265831186
63.41846939643822
138.84208114775774
59.764730418865646
131.5346031926126
58.19884228562026
123.70516252638566
58.19884228562026
113.26590830474974
60.28669312994744
108.04628119393178
66.55024566292899
124.22712523746745
67.59417108509258
131.0126404815308
67.59417108509258
138.32011843667595
68.63809650725618
153.45703705804803
69.68202192941978
138.32011843667595
70.20398464050156
131.0126404815308
68.63809650725618
124.22712523746745
68.63809650725618
