68.04634653718458
134.76366286856478
68.04634653718458
118.28368831659039
70.1727948664716
102.33532584693775
72.29924319575862
84.79212713031986
78.14697610129792
68.84376466066722
88.24760566541126
55.0218505203016
101.00629564113336
42.263160544579485
115.35982186382074
31.09930681582264
131.83979641579512
27.909634321892113
148.31977096776953
30.567694733500886
162.67329719045688
40.66832429761422
174.90037508385726
52.895402191014576
185.53261673029235
66.71731633138019
192.44357380047515
82.13406671871108
195.63324629440567
99.14565335300722
198.8229187883362
116.15723998730337
200.41775503530147
133.70043870392126
78.67858818361967
154.4333099144697
88.24760566541126
161.87587906697425
99.4114593941681
162.93910323161776
110.57531312292494
160.81265490233073
121.20755476936003
156.02814616143496
150.9778313793783
156.5597582437567
162.14168510813514
162.93910323161776
174.36876300153548
165.59716364322654
186.0642288126141
164.00232739626128
195.10163421208392
156.5597582437567
137.15591723901267
141.67461993874758
136.62430515669092
128.91592996302546
137.15591723901267
116.68885206962513
136.62430515669092
103.93016209390301
122.8023910163253
95.42436877675495
129.71334808650812
93.29792044746792
136.62430515669092
91.70308420050266
142.4720380622302
93.29792044746792
148.31977096776953
94.89275669443319
90.37405399469827
139.0165595271388
98.34823522952459
145.39590451499987
108.44886479363792
145.39590451499987
116.42304602846424
137.9533353624953
107.38564062899442
135.29527495088652
97.28501106488108
134.76366286856478
155.23072803795233
138.48494744481707
164.26813343742216
146.45912867964338
174.36876300153548
146.99074076196513
181.81133215404006
141.67461993874758
175.431987166179
136.89011119785178
165.33135760206565
136.35849911553004
111.1069252052467
69.37537674298896
120.14433060471653
75.22310964852826
129.18173600418635
78.94439422478055
135.02946890972567
76.81794589549354
141.4088138975867
78.4127821424588
150.44621929705653
74.69149756620651
158.95201261420462
69.90698882531072
150.44621929705653
59.27474717887563
141.4088138975867
55.55346260262335
134.4978568274039
54.49023843797984
127.58689975722109
55.55346260262335
119.08110644007301
59.806359261197386
115.89143394614248
69.37537674298896
128.6501239218646
72.56504923691949
135.02946890972567
71.50182507227599
141.4088138975867
72.03343715459773
153.63589179098707
69.37537674298896
141.4088138975867
68.84376466066722
134.4978568274039
67.7805404960237
128.11851183954283
68.31215257834546
