62.357509966294835
127.93187560545408
63.347311711791576
110.1154441865127
65.82181607553343
93.28881451306806
67.80141956652692
75.96728396687506
72.25552742126227
59.140654293430416
82.1535448762297
44.78852898372764
95.02096756768736
33.40580891051509
110.85779549563526
24.4975932010444
129.169127787325
22.517989710050912
147.48046007901476
24.4975932010444
164.3070897524594
32.91090803776672
177.17451244391705
43.798727238230896
186.08272815338776
58.150852547933674
190.04193513537473
75.47238309412668
192.5164394991166
93.28881451306806
195.4858447356068
111.10524593200944
196.97054735385194
128.92167735095083
69.7810230575204
150.2024148791308
79.67904051248784
156.14122535211126
91.06176058570038
157.131027097608
102.93938153166131
155.6463244793629
114.32210160487386
151.6871174973759
138.57224436954408
153.17182011562105
152.42946880649848
156.14122535211126
165.7917923707045
155.6463244793629
177.66941331666544
152.67691924287266
186.57762902613612
144.75850527889872
126.69462342358315
136.84009131492476
126.69462342358315
124.96247036896385
126.19972255083478
113.5797502957513
125.7048216780864
102.19703022253876
114.81700247762222
92.79391364031969
120.26091207785431
89.82450840382946
126.69462342358315
87.84490491283597
132.63343389656362
89.82450840382946
138.0773434967957
91.80411189482295
82.64844574897808
131.89108258744105
91.06176058570038
137.8298930604215
100.95977804066783
137.8298930604215
109.37309287739014
130.9012808419443
100.46487716791945
127.93187560545408
90.56685971295202
127.4369747327057
145.99575746076965
130.40637996919594
154.40907229749197
136.3451904421764
164.80199062520776
136.3451904421764
172.72040458918173
130.40637996919594
165.29689149795615
126.44717298720896
155.3988740429887
126.94207385995733
100.95977804066783
65.57436563915925
110.36289462288688
72.50297785763645
119.76601120510594
75.96728396687506
126.19972255083478
74.48258134862994
133.12833476931198
75.96728396687506
144.01615396977616
72.00807698488808
156.38867578848544
65.07946476641088
145.0059557152729
55.18144731144344
134.61303738755709
51.71714120220484
127.18952429633153
51.22224032945647
120.26091207785431
52.21204207495321
110.85779549563526
55.18144731144344
106.40368764089992
65.07946476641088
120.26091207785431
70.52337436664297
126.69462342358315
70.52337436664297
133.62323564206037
70.0284734938946
150.44986531550498
65.07946476641088
134.11813651480873
62.604960402669015
127.18952429633153
62.11005952992065
120.26091207785431
62.604960402669015
