72.59186294372914
124.75224128409081
72.11112212953226
109.3685352297906
74.99556701471356
93.5040883612935
80.28371597087926
77.6396414927964
86.05260574124183
63.21741706688995
92.78297713999818
48.314451826786616
100.95557098134516
34.372968215077044
111.53186889367656
22.354447860155002
126.4348341337799
18.508521346579947
144.22224425906452
20.431484603367473
161.52891357015227
30.046300887305108
177.39336043864935
42.064821242227154
189.4118807935714
56.96778648233049
198.54595626331215
72.83223335082758
203.35336440528098
91.58112510450597
206.23780929046228
111.29149848657812
207.19929091885604
131.96335349704404
73.07260375792603
139.65520652419414
78.36075271409173
145.9048371087536
86.53334655543871
145.9048371087536
95.66742202517946
143.02039222357232
103.35927505232958
137.73224326740663
129.3192790189612
142.53965140937544
139.8955769312926
149.27002280813178
152.3948381004115
152.15446769331308
164.89409926953044
151.1929860649193
175.95113799605872
145.42409629455673
115.8585362214485
129.07890861186274
114.41631377885786
116.09890662854694
112.97409133626721
103.59964545942802
111.05112807947968
90.6196434761122
104.32075668072333
84.37001289155275
108.64742400849528
81.00482719217457
114.89705459305473
79.08186393538705
122.10816680600796
81.96630882056834
129.80001983315807
84.37001289155275
84.61038329865119
126.19446372668146
89.41779144062001
130.5211310544534
97.10964446777011
130.5211310544534
104.32075668072333
125.23298209828769
97.10964446777011
123.79075965569704
89.41779144062001
123.31001884150017
140.37631774548947
127.63668616927211
147.10668914424582
134.36705756802846
155.2792829855928
134.84779838222533
163.9326176411367
131.00187186865028
156.72150542818346
127.15594535507522
148.54891158683645
126.67520454087834
99.03260772455764
60.81371299590554
103.35927505232958
64.1788986952837
109.12816482269216
66.10186195207125
114.89705459305473
64.1788986952837
121.62742599181108
65.62112113787435
133.16520553253625
62.736676252693066
147.5874299584427
60.33297218170866
135.08816878932376
49.756674269377264
123.5503892485986
46.39148856999909
116.33927703564538
46.39148856999909
109.60890563688903
47.83371101258973
103.84001586652646
52.64111915455855
103.35927505232958
59.85223136751178
109.60890563688903
60.81371299590554
115.37779540725163
60.33297218170866
122.58890762020485
60.33297218170866
142.7800218164739
59.37149055331489
122.58890762020485
56.96778648233049
115.37779540725163
56.96778648233049
109.60890563688903
58.41000892492113
