55.23959598258049
150.76862206254768
57.26673711955592
131.00399597703722
60.81423410926293
111.74615517577062
65.37530166745765
93.50188494299175
71.96351036262779
76.27118527870059
83.11278661599266
60.560841467140996
96.79598929057681
47.89120936104455
111.99954781789255
36.235147823435824
128.72346219793985
32.687650833728824
145.44737657798717
35.72836253919197
160.14414982105905
46.370853508312976
173.8273524956432
59.54727089865328
184.4698434647642
75.25761471021286
190.5512668756905
92.48831437450403
194.60554914964135
110.7325846072829
198.6598314235922
129.48364012430565
201.1937578448115
149.24826620981608
66.89565752018922
152.7957631995231
78.04493377355408
158.37040132620552
91.72813644813824
156.85004547347395
104.39776855423469
153.30254848376694
117.06740066033113
148.2346956413284
141.3930943040363
147.22112507284066
154.5695116943766
151.78219263103537
167.23914380047304
155.83647490498623
180.9223464750572
156.85004547347395
192.07162272842206
150.2618367783038
129.73703276642757
133.5379223982565
129.73703276642757
120.86829029216005
129.2302474821837
107.69187290181976
129.2302474821837
94.51545551147946
117.06740066033113
90.4611732375286
123.14882407125742
87.9272468163093
129.2302474821837
85.39332039509002
135.31167089311
87.42046153206545
140.88630901979244
89.44760266904088
83.61957190023652
136.57863410371965
92.2349217323821
140.6329163776705
102.37062741725926
139.6193458091828
109.46562139667326
132.5243518297688
100.34348628028383
130.49721069279335
90.71456587965052
131.00399597703722
148.4880882834503
131.51078126128107
156.08986754710816
138.60577524069507
165.71878794774148
139.6193458091828
173.8273524956432
135.56506353523193
167.23914380047304
130.49721069279335
157.61022339983975
129.48364012430565
104.39776855423469
69.68297658353043
113.51990367062412
72.72368828899359
122.1352535027697
74.75082942596902
128.216676913696
72.21690300474972
134.80488560886616
74.24404414172515
143.42023544101173
72.21690300474972
152.0355852731573
68.66940601504271
143.42023544101173
60.054056182897135
135.31167089311
55.999773908946274
128.216676913696
55.49298862470242
121.12168293428199
56.506559193190135
113.01311838638027
61.57441203562871
108.45205082818555
69.17619129928657
121.62846821852585
69.17619129928657
128.216676913696
68.16262073079886
134.80488560886616
69.17619129928657
147.98130299920643
68.66940601504271
134.80488560886616
67.655835446555
128.216676913696
67.14905016231114
121.62846821852585
68.16262073079886
