61.11505100405601
135.50509259505864
62.11693708608972
116.97020007743508
65.12259533219084
98.43530755981153
68.12825357829195
79.90041504218799
74.13957007049419
62.36740860659815
85.16031697286495
47.84006041710942
99.18672212133681
35.31648439168811
113.71407031082553
24.796680530334203
129.74424762336483
21.791022284233087
146.27536797692096
24.796680530334203
163.30743137149395
34.3145983096544
179.33760868403323
45.836288253042014
192.3621277504714
60.36363644253074
199.37533032470733
78.39758591913743
201.8800455297916
97.93436451879468
204.88570377589272
116.97020007743508
206.38853289894328
136.50697867709232
68.6291966193088
146.02489645641253
77.64617135761215
153.53904207166534
89.66880434201661
155.04187119471587
101.69143732642108
151.53526990759792
113.21312726980868
145.52395341539568
142.26782364878613
145.02301037437883
153.78951359217373
151.03432686658107
165.81214657657821
155.04187119471587
178.33572260199952
153.53904207166534
189.3564695043703
148.02866862047995
127.23953241828056
132.49943434895752
126.73858937726371
120.47680136455305
125.73670329523
107.95322533913173
125.73670329523
95.42964931371041
113.71407031082553
87.91550369845763
119.72538680302777
85.91173153439023
126.23764633624685
83.90795937032281
133.2508489104828
85.91173153439023
139.76310844370187
87.91550369845763
83.15654480879753
132.49943434895752
91.17163346506717
137.50886475912603
101.19049428540423
136.50697867709232
109.20558294167387
128.99283306183955
100.18860820337052
127.99094697980584
90.16974738303347
128.4918900208227
147.77819709997152
128.99283306183955
155.79328575624115
136.50697867709232
165.81214657657821
136.50697867709232
174.3281782738647
132.49943434895752
166.81403265861192
128.99283306183955
157.2961148792917
128.4918900208227
100.68955124438737
68.87966813981723
110.70841206472443
71.3843833449015
119.72538680302777
73.88909854998576
127.23953241828056
71.88532638591835
135.75556411556704
74.39004159100261
145.7744249359041
72.3862694269352
157.79705792030856
71.3843833449015
146.77631101793781
61.866465565581294
136.2565071565839
56.35609211439592
127.23953241828056
54.85326299134536
119.72538680302777
55.354206032362214
110.20746902370757
59.361750360497034
105.6989816545559
67.37683901676668
119.72538680302777
65.37306685269927
127.23953241828056
65.37306685269927
135.75556411556704
66.37495293473297
152.2866844691232
69.88155422185093
136.2565071565839
67.37683901676668
127.74047545929741
65.87400989371612
120.22632984404463
66.37495293473297
