64.44488230984163
104.02009527192557
61.849786377901694
89.3145516575993
61.41727038924504
73.31146007730305
63.579850332528316
57.30836849700681
67.90501021909486
41.30527691671057
73.96023406028804
27.03224929104095
81.31300586745118
13.191737654027984
90.8283576178976
3.6763859035815694
104.66886925491056
1.5138059602982932
122.40202478983342
4.108901892238224
140.13518032475628
10.596641722088052
158.3008518483358
19.246961495221157
172.57387947400542
30.924893188950847
182.08923122445185
46.06295279193378
185.98187512236174
64.2286243155133
188.57697105430165
83.69184380506277
191.1720669862416
102.29003131729895
66.6074622531249
124.78086272744503
70.93262213969145
133.43118250057813
80.01545790148121
135.16124645520475
89.96332564058429
134.29621447789143
99.4786773910307
130.40357057998153
108.1289971641638
130.8360865686382
120.23944484655014
136.4587944211747
134.94498846087643
138.18885837580135
149.6505320752027
136.4587944211747
160.4634317916191
128.24099063669826
102.50628931162728
119.59067086356517
99.4786773910307
109.64280312446209
96.01854948177746
100.12745137401568
92.55842157252421
90.1795836349126
85.63816575401773
77.20410397521296
91.6933895952109
75.04152403192968
98.18112942506073
73.31146007730305
106.39893320953718
75.90655600924299
115.48176897132694
78.06913595252627
73.52771807163138
112.67041504505868
78.71790993551124
119.59067086356517
86.50319773133104
119.59067086356517
94.28848552715083
113.10293103371534
86.07068174267438
112.23789905640203
78.2853939468546
111.3728670790887
124.13208874446003
115.26551097699861
130.61982857430988
123.0507987728184
139.27014834744298
123.0507987728184
147.05543614326277
116.99557493162523
139.70266433609962
115.26551097699861
131.0523445629665
115.26551097699861
79.58294191282455
50.38811267850033
83.9081017993911
60.3359804176034
92.55842157252421
65.52617228148326
100.34370936834401
64.2286243155133
108.1289971641638
66.82372024745322
121.96950880117677
63.363592338199986
136.24253642684639
54.280756576410226
124.13208874446003
43.467856859993844
111.15660908476039
36.54760104148736
102.93880530028393
34.817537086860746
94.28848552715083
35.2500530755174
85.20564976536107
40.44024493939726
83.47558581073446
50.38811267850033
92.99093756118087
57.74088448566347
100.77622535700065
58.173400474320125
108.56151315282045
58.60591646297678
132.3498925289365
53.84824058775357
110.29157710744707
46.92798476924709
102.07377332297062
45.63043680327712
93.85596953849418
45.63043680327712
