29.403025892201942
122.97932258087639
29.86974058890356
103.37730531940842
31.736599375710036
82.84185866453723
37.80389043283107
63.239841403069256
48.53832845696829
46.438112321811005
64.4066281448233
33.83681551086732
82.14178661948479
24.502521576834955
100.81037448754952
19.368659913117153
118.0788182655094
20.76880400322201
131.1468297731547
25.902665666939807
138.14755022367896
35.703674297673786
145.14827067420325
49.70511519872233
149.81541764121943
62.77312670636764
154.015849911534
78.17471169752105
157.74956748514694
92.6428672952712
158.21628218184856
107.11102289302137
156.3494233950421
120.6457490973683
67.20691632503302
139.31433696543303
77.94135434917023
147.24848680936051
91.94279525021878
150.04877498957023
104.54409206116247
147.24848680936051
116.67867417540454
141.6479104489411
137.21412083027573
141.6479104489411
143.28141188739679
145.84834271925567
149.81541764121943
149.115345596167
155.41599400163884
148.6486308994654
158.21628218184856
143.9814839324492
126.47968280613851
125.77961076108609
128.8132562896466
114.11174334354564
131.61354446985632
103.37730531940842
134.41383265006604
91.70943790186797
114.81181538859806
80.04157048432751
121.81253583912233
79.57485578762589
128.8132562896466
78.64142639422266
134.41383265006604
80.04157048432751
138.61426492038058
82.84185866453723
78.40806904587185
124.37946667098124
86.80893358650097
129.0466136379974
96.60994221723496
129.0466136379974
104.54409206116247
122.97932258087639
96.14322752053334
120.6457490973683
86.80893358650097
120.6457490973683
133.9471179533644
123.91275197427962
140.94783840388868
129.98004303140067
148.41527355111458
130.44675772810228
153.08242051813076
126.2463254577877
148.8819882478162
122.04589318747314
141.4145531005903
121.57917849077153
97.07665691393657
55.30569155914175
109.67795372488027
63.70655609977088
121.81253583912233
68.37370306678706
128.346541592945
66.50684427998058
133.9471179533644
68.37370306678706
138.61426492038058
65.10670018987574
140.48112370718707
57.63926504264984
136.74740613357412
53.43883277233528
132.08025916655794
48.771685805319095
126.0129681094369
48.30497110861748
118.54553296221101
48.30497110861748
108.27780963477541
51.105259288827185
100.81037448754952
56.23912095254499
120.8791064457191
59.506123829456314
127.41311219954176
59.0394091327547
133.01368855996117
59.506123829456314
138.14755022367896
57.63926504264984
132.54697386325955
59.972838526157936
126.47968280613851
59.0394091327547
119.94567705231587
59.0394091327547
