61.9431101388068
145.14635553711932
62.99299336149844
125.72351591732397
66.14264302957336
106.30067629752861
69.8172343089941
87.40277828907908
77.1664168678356
69.5547635033212
89.76501554013528
53.80651516294658
104.46338065781825
40.158033267955254
120.21162899819285
29.134259429693028
136.4848189499133
27.034492984309747
152.7580089016337
31.23402587507631
166.40649079662504
43.832624547376
178.4801478575789
58.006048053713144
188.4540384731495
73.75429639408776
193.7034545866077
91.60231117984564
196.3281626433368
109.97526757694936
198.95287070006592
127.29834075136142
200.00275392275753
144.6214139257735
75.59159203379812
151.970596484615
86.61536587206035
157.2200125980732
99.21396454436004
157.744954209419
111.81256321665973
154.5953045413441
123.8862202776136
148.82094681654007
149.6083592335588
149.8708300392317
161.15707468316683
154.5953045413441
172.7057901327749
157.744954209419
184.25450558238293
158.26989582076482
194.22839619795351
153.54542131865244
137.0097605612591
135.69740653289455
137.53470217260494
120.99904141521158
137.53470217260494
105.7757346861828
138.05964378395075
90.55242795715401
123.36127866626778
87.40277828907908
130.18551961376343
84.77807023234998
137.0097605612591
82.15336217562088
143.83400150875477
84.77807023234998
149.6083592335588
87.9277199004249
89.24007392878946
138.32211458962365
97.63913971032258
143.04658909173602
108.13797193723899
141.9967058690444
115.48715449608046
133.07269847616544
106.56314710320153
132.54775686481963
96.58925648763093
133.59764008751128
155.3827169583628
134.6475233102029
163.25684112855012
143.57153070308186
173.2307317441207
144.6214139257735
180.57991430296218
139.8969394236611
174.28061496681235
135.69740653289455
164.83166596258758
134.6475233102029
102.36361421243497
76.90394606216267
115.48715449608046
76.90394606216267
127.56081155703434
76.37900445081685
135.43493572722164
74.8041796167794
143.30905989740896
76.37900445081685
153.28295051297954
76.90394606216267
163.78178273989593
76.90394606216267
154.3328337356712
62.205580944479706
144.35894312010058
55.381339996984046
135.43493572722164
54.331456774292405
126.5109283343427
54.85639838563822
114.43727127338883
61.68063933313389
107.08808871454734
74.8041796167794
127.56081155703434
72.17947156005029
135.43493572722164
71.12958833735865
143.30905989740896
72.17947156005029
159.58224984912937
74.27923800543357
143.83400150875477
64.30534738986299
135.43493572722164
62.73052255582553
127.03586994568852
63.78040577851717
