62.84546071770172
113.70959259353944
61.94120948435349
97.88519600994547
63.749711951049946
82.06079942635152
68.27096811779107
67.14065407610579
73.69647551788043
52.672634342534174
81.38261100134035
39.108865842310784
90.87724895149672
26.901474192109728
101.72826375167544
16.95471062527924
115.74415786857294
13.78983130856045
132.47280568551514
16.050459391931014
151.4620815858279
23.736594875390935
169.9992318694665
32.32698159219908
185.82362845306048
44.534373242400136
194.86614078654273
61.26302105934232
198.93527133660976
80.70442257632918
200.2916481866321
100.59794970999016
202.10015065332854
120.49147684365113
63.29758633437583
134.05524534387453
69.1752193511393
141.28925521066034
78.66985730129568
143.5498832940309
89.06874648480027
141.74138082733444
99.01551005163077
137.2201246605933
120.71753965198819
138.57650151061566
133.37705691886336
144.90626014405325
146.94082541908674
147.6190138440979
160.50459391931014
145.35838576072734
171.80773433616298
137.67225027726744
108.51014800178714
122.7521049270217
106.70164553509069
112.3532157435171
103.988891835046
102.40645217668661
101.72826375167544
92.007562993182
98.11125881828254
80.25229695965507
101.72826375167544
78.44379449295862
106.70164553509069
77.08741764293627
112.57927855185416
78.89592010963273
119.36116280196585
80.70442257632918
75.95710360125099
117.77872314360646
82.28686223468858
122.29997931034758
90.87724895149672
122.7521049270217
98.56338443495665
116.87447191025824
90.42512333482262
115.06596944356178
81.83473661801446
114.61384382688766
130.66430321881867
119.1350999936288
137.89831308560449
125.46485862706638
147.39295103576086
125.91698424374049
155.983337752569
122.29997931034758
148.29720226910908
118.23084876028057
139.25468993562683
117.77872314360646
92.68575141819318
54.933262425904736
96.7548819682602
61.26302105934232
102.63251498502366
64.88002599273523
108.05802238511302
63.523649142712884
113.48352978520238
64.88002599273523
124.7866702020552
61.71514667601644
137.89831308560449
56.74176489260119
125.69092143540344
48.60350379246716
115.74415786857294
45.43862447574836
108.96227361846125
44.534373242400136
103.5367662183719
44.98649885907425
97.65913320160843
47.247126942444815
96.30275635158608
54.48113680923063
103.5367662183719
58.09814174262353
108.51014800178714
58.09814174262353
114.38778101855061
58.09814174262353
132.92493130218924
56.28963927592708
114.38778101855061
54.933262425904736
108.51014800178714
54.48113680923063
103.08464060169779
54.933262425904736
