73.25562241764281
126.24385596640444
73.25562241764281
112.08110229899349
75.20910568211328
97.91834863158255
80.58118465940709
83.7555949641716
85.9532636367009
68.61609966452542
91.81371343011232
52.49986273264401
98.16253403964136
35.89525498464497
107.92995036199373
21.244130501116413
123.06944566163992
16.848793156057845
141.62753667410942
19.29064723664594
161.16236931881417
30.03480519123355
178.25534788293083
43.709188042526876
192.90647236645938
59.33705415829067
202.67388868881176
77.40677435464256
208.04596766610555
96.45323618322969
209.99945093057605
115.98806882793444
210.48782174669367
135.03453065652158
72.76725160152519
144.80194697887396
79.11607221105423
149.68565514005013
87.41837608505375
148.2205426916973
96.20905077517088
144.80194697887396
104.99972546528802
139.42986800158013
131.37174953563942
138.9414971854625
144.0693907546975
144.31357616275633
156.7670319737556
148.2205426916973
170.44141482504892
147.73217187557967
182.65068522798938
142.36009289828584
116.23225423599325
127.7089684147573
115.25551260375802
115.49969801181682
113.79040015540515
103.29042760887636
112.81365852316992
91.0811572059359
105.97646709752325
84.73233659640684
110.37180444258183
81.31374088358352
116.23225423599325
78.87188680299542
123.06944566163992
81.31374088358352
129.90663708728658
82.77885333193638
83.5114095561128
131.12756412758063
89.37185934952423
136.49964310487442
98.16253403964136
135.03453065652158
104.99972546528802
126.73222678252205
96.20905077517088
125.75548515028682
87.90674690117136
126.73222678252205
140.65079504187418
126.73222678252205
147.97635728363846
134.54615984040396
158.23214442210846
135.03453065652158
166.04607747999037
128.68571004699254
159.2088860543437
124.29037270193396
148.9530989158737
124.29037270193396
97.67416322352373
62.267279054996386
103.53461301693517
67.15098721617257
111.34854607481707
70.08121211287829
117.20899586822848
68.12772884840781
123.55781647775753
69.59284129676067
136.74382851293325
66.66261640005496
149.92984054810896
62.755649871114
137.23219932905084
54.45334599711448
125.511299742228
50.05800865205592
117.69736668434611
49.5696378359383
111.34854607481707
50.546379468173534
104.02298383305278
53.964975180996866
101.58112975246469
61.29053742276115
111.34854607481707
62.267279054996386
117.69736668434611
61.77890823887876
124.04618729387515
61.77890823887876
144.0693907546975
61.77890823887876
124.04618729387515
60.80216660664353
117.20899586822848
60.80216660664353
111.34854607481707
61.77890823887876
