70.35517047614992
137.29759014562094
71.40524764743574
119.446278233762
75.08051774693611
102.64504349318888
80.33090360336521
85.84380875261577
87.68144380236595
70.61768976897137
97.65717692958124
56.44164795661281
109.20802581372526
44.365760486825884
121.8089518691551
33.86498877396769
136.51003226715656
30.71475726011023
152.26118983644386
34.3900273596106
167.48730882008826
45.415837658111705
181.66335063244682
58.541802299184454
192.68916093094793
74.29295986847175
200.56473971559157
90.56915602340196
204.76504840073486
107.89542934961798
207.3902413289494
125.22170267583401
207.9152799145923
143.59805317333584
74.5554791612932
156.1989792287657
83.48113511722266
162.49944225648062
95.5570225870096
161.9744036708377
106.58283288551071
157.7740949856944
118.13368176965473
151.4736319579795
147.53584256565767
153.04874771490822
160.13676862108753
159.87424932826605
173.26273326216025
164.07455801340933
186.9137364888759
163.54951942776643
197.41450820173412
157.2490564000515
132.30972358201328
139.3977444881926
131.78468499637037
125.22170267583401
131.25964641072747
112.09573803476125
130.73460782508457
98.4447348080456
120.23383611222636
91.61923319468778
126.00926055429836
88.99404026647322
132.30972358201328
86.36884733825867
139.1352251953711
88.99404026647322
145.43568822308603
91.61923319468778
88.73152097365177
139.9227830738355
96.60709975829542
145.17316893026458
106.58283288551071
144.64813034462168
116.03352742708309
136.772551559978
105.53275571422489
134.67239721740637
95.5570225870096
135.1974358030493
153.8363055933726
136.772551559978
162.76196154930207
144.64813034462168
173.26273326216025
144.64813034462168
181.13831204680392
139.3977444881926
174.3128104334461
134.67239721740637
163.81203872058788
134.67239721740637
107.63291005679652
71.14272835461429
117.08360459836891
73.76792128282884
126.00926055429836
75.86807562540048
132.30972358201328
73.24288269718593
139.1352251953711
75.34303703975756
149.63599690822932
72.71784411154302
160.66180720673043
70.09265118332847
150.16103549387222
61.166995227399
140.71034095229984
56.96668654225572
132.8347621676562
56.96668654225572
126.00926055429836
58.01676371354154
117.08360459836891
61.69203381304191
112.35825732758272
70.09265118332847
126.00926055429836
69.04257401204265
132.8347621676562
67.99249684075683
139.66026378101404
69.04257401204265
155.93645993594424
69.56761259768555
139.66026378101404
67.99249684075683
132.30972358201328
67.46745825511393
125.48422196865546
68.51753542639973
