39.21398498442316
127.0823587458158
40.666354798661054
108.6856744321358
43.57109442713684
89.80486684704316
49.380573684088425
71.40818253336316
59.06303911234106
55.91623784815895
73.10261398330738
43.32903279143053
90.04692848274948
33.162444091765266
108.44361279642948
25.416471749163158
123.9355574816337
23.479978663512632
137.9751323526
27.837088106226318
147.65759778085265
38.97192334871684
157.34006320910527
51.559128405445264
164.60191228029475
65.59870327641158
169.9272682658337
82.05889450444106
174.76850097996
98.0349624610579
177.6732406084358
114.49515368908737
177.6732406084358
130.47122164570422
60.51540892657895
145.4790430594958
72.61849071189474
149.83615250220947
85.6898190400358
150.80439904503476
98.76114736817685
148.86790595938422
111.8324756963179
144.0266732452579
140.8798719810758
145.96316633090842
151.04646068074106
151.28852231644737
161.69717265181896
154.19326194492317
172.34788462289686
154.19326194492317
179.60973369408632
147.89965941655896
127.80854365293474
129.01885183146632
129.26091346717263
115.46340023191264
130.71328328141053
101.42382536094632
132.64977636706107
87.86837376139263
115.70546186761895
82.05889450444106
122.96731093880842
80.12240141879053
130.2291600099979
77.70178506172738
136.52276253836212
79.6382781473779
141.36399525248842
83.02714104726633
76.00735361178316
126.11411220299054
84.72157249721053
130.95534491711686
94.40403792546316
131.43946818852947
104.0865033537158
125.14586566016527
94.40403792546316
123.20937257451475
84.2374492257979
122.72524930310212
141.84811852390106
126.59823547440317
150.56233740932842
132.89183800276737
160.24480283758106
133.86008454559263
167.99077518018316
129.98709837429158
161.69717265181896
125.14586566016527
151.5305839521537
125.14586566016527
95.85640773970105
65.11458000499896
109.89598261066737
65.59870327641158
121.0308178531579
67.53519636206211
127.80854365293474
66.08282654782421
132.64977636706107
67.53519636206211
139.91162543825052
67.05107309064948
147.65759778085265
66.08282654782421
140.39574870966317
55.43211457674632
133.61802290988632
50.59088186262
127.80854365293474
50.106758591207374
120.54669458174527
50.59088186262
109.41185933925475
54.94799130533369
100.21351718241475
63.66221019076106
120.54669458174527
61.2415938336979
127.32442038152212
60.75747056228527
133.13389963847368
61.72571710511053
143.30048833813896
64.14633346217369
133.13389963847368
61.2415938336979
127.80854365293474
60.273347290872636
121.0308178531579
60.75747056228527
