33.56961719955499
104.15778487259185
38.16819489812416
84.38390076874438
43.68648813640718
64.61001666489693
50.12449691440402
47.13542141033406
61.620941160826966
32.419972774912694
77.71596310581909
22.303101838060506
95.65041613023887
14.945377520349822
112.2052958450879
9.427084282066811
128.76017555993693
8.507368742352977
142.09605088578755
14.025661980635988
150.83334851306898
26.901679536629683
159.1107883704935
41.617128172051046
164.1692238389196
56.332576807472414
166.9283704580611
71.5078832127507
169.2276593073457
87.14304738788589
167.84808599777494
102.31835379316418
165.08893937863343
117.03380242858555
55.642790152687034
131.28939329415
65.29980331968231
140.48654869128833
78.63567864553292
144.16541085014367
92.43141174124044
143.70555308028676
105.76728706709106
140.02669092143142
127.8404600202231
139.5668331515745
137.03761541736145
143.70555308028676
147.15448635421365
144.6252686200006
156.8114995212089
143.24569531042985
163.24950829920576
135.88797099271918
119.56302016279858
126.69081559558082
122.3221667819401
118.41337573815629
125.0813134010816
110.13593588073178
127.38060225036618
101.85849602330725
111.745438075231
88.52262069745665
118.18344685322784
87.60290515774281
125.0813134010816
86.22333184817205
130.13974886950768
87.60290515774281
134.73832656807687
88.98247846731357
72.65752763739299
120.25280681758396
80.01525195510366
126.23095782572389
89.67226512209893
127.15067336543773
97.02998943980963
120.25280681758396
89.21240735224202
118.41337573815629
80.01525195510366
118.87323350801321
133.81861102836302
119.79294904772705
141.63619311593064
125.77110005586698
149.91363297335516
126.69081559558082
155.43192621163817
120.25280681758396
149.91363297335516
118.41337573815629
142.55590865564446
118.87323350801321
89.21240735224202
60.93115450604159
103.00814044794956
70.58816767303686
117.72358908337091
75.18674537160604
124.62145563122468
74.72688760174911
131.05946440922153
75.64660314146295
140.7164775762168
71.5078832127507
148.07420189392747
61.391012275898504
141.17633534607373
47.13542141033406
131.51932217907844
42.53684371176488
125.0813134010816
42.076985941907964
116.80387354365708
42.076985941907964
102.08842490823571
48.055136950047896
93.35112728095429
61.391012275898504
117.72358908337091
68.74873659360918
125.0813134010816
68.74873659360918
130.59960663936462
68.74873659360918
143.93548196521522
60.47129673618467
130.59960663936462
50.8142835691894
124.62145563122468
50.35442579933248
116.80387354365708
50.35442579933248
