73.82614067016577
121.41846405816572
71.50456391953163
106.5603728541072
72.43319461978528
91.23796629992185
78.9336095215609
76.84419044599017
85.89833977346332
62.45041459205847
93.7917007256194
48.52095408825361
99.82780027726818
34.12717823432192
105.86389982891696
20.197717730517052
118.86472963246817
14.625933528995107
135.580082237034
14.625933528995107
156.00995764261447
21.59066378089754
175.04688699781445
32.2699168338146
191.29792425225347
45.735061987492635
201.5128619550437
63.84336064243896
207.54896150669245
84.73755139814625
209.40622290719978
107.02468820423404
209.40622290719978
127.4545636098145
70.57593321927797
139.52676271311205
76.61203277092675
142.31265481387302
83.57676302282918
139.9910780632389
91.47012397498527
135.3479245619706
98.89916957701453
129.77614036044864
118.86472963246817
130.24045571057547
132.79419013627302
137.2051859624779
147.18796599020473
141.38402411361938
162.9746878945169
139.9910780632389
176.43983304819494
135.81223991209743
107.72116122942428
119.56120265765841
105.39958447879013
107.02468820423404
102.61369237802916
94.02385840068283
99.82780027726818
81.02302859713163
96.57759282638038
74.98692904548285
100.75643097752184
71.27240624446821
106.3282151790438
69.4151448439609
112.8286300808194
71.73672159459504
120.25767568284866
73.59398299510237
79.86224022181455
125.13298685918035
84.96970907320967
128.38319431006815
94.25601607574625
127.4545636098145
101.68506167777551
119.56120265765841
92.39875467523893
118.63257195740475
84.04107837295601
119.56120265765841
133.25850548639986
118.16825660727793
140.2232357383023
125.13298685918035
150.43817344109252
125.59730220930719
160.18879579375593
121.88277940829255
151.831119491473
117.23962590702426
142.08049713880962
116.31099520677061
97.04190817650722
59.6645224912975
98.89916957701453
62.45041459205847
104.00663842840964
62.914729942185296
109.11410727980476
60.59315319155115
115.61452218158037
61.521783891804816
128.15103663500474
59.20020714117067
143.93775853931692
57.34294574066335
129.54398268538523
47.12800803787312
117.9360989322145
43.41348523685849
110.50705333018524
43.41348523685849
104.47095377853647
45.270746637365804
100.29211562739502
51.30684618901458
100.29211562739502
57.807261090790185
104.47095377853647
55.949999690282866
109.5784226299316
54.55705363990238
116.0788375317072
54.09273828977555
138.8302896879218
56.4143150404097
116.0788375317072
54.55705363990238
109.5784226299316
55.02136899002921
104.47095377853647
57.34294574066335
