71.3504426230365
139.23985631286598
70.81797663331234
121.66847865196894
73.4803065819331
105.1620329705202
76.67510252027802
88.65558728907146
81.99976241751955
72.14914160762272
91.58415023255431
57.24009389534644
104.89579997565812
45.525842121415074
120.33731367765856
35.94145430638032
138.44115732827976
33.27912435775956
157.60993295834928
35.94145430638032
176.24624259869464
44.99337613169092
192.2202222904192
55.642695926173985
204.99940604379887
68.9543456692778
211.92146391021288
85.46079135072655
214.05132786910949
103.56463500134775
215.11625984855777
122.2009446416931
214.58379385883364
139.77232230259014
77.74003449972633
154.1489040251423
87.32442231476108
159.47356392238382
99.03867408869245
159.47356392238382
110.22045987289965
156.81123397376305
120.86977966738272
153.08397204569397
145.8956811844179
153.61643803541813
158.14239894807343
157.87616595321134
170.38911671172895
160.5384959018321
183.70076645483277
160.5384959018321
196.47995020821244
156.2787679840389
133.11649743103823
140.83725428203846
132.58403144131407
129.65546849783124
131.51909946186578
117.94121672389987
130.98663347214162
105.69449896024436
121.40224565710687
97.1750431246579
126.7269055543484
95.57764515548546
132.58403144131407
94.51271317603715
138.97362331800392
95.57764515548546
145.36321519469377
97.1750431246579
90.519218253106
139.77232230259014
98.50620809896829
145.62944818955583
109.15552789345135
145.09698219983167
116.07758575986534
137.64245834369353
108.09059591400305
134.98012839507277
97.44127611951998
134.98012839507277
156.54500097890096
137.64245834369353
164.53199082476326
145.09698219983167
174.64884462952216
145.62944818955583
183.16830046510862
140.3047882923143
175.71377660897048
135.51259438479693
165.59692280421157
135.51259438479693
110.22045987289965
71.61667561789857
118.20744971876195
78.53873348431256
126.7269055543484
82.26599541238163
132.58403144131407
80.66859744320917
139.50608930772808
82.26599541238163
150.15540910221114
78.0062674945884
160.8047288966942
72.14914160762272
150.68787509193527
65.22708374120873
140.57102128717636
62.03228780286382
133.11649743103823
62.03228780286382
126.7269055543484
62.56475379258797
118.20744971876195
64.69461775148459
115.01265378041704
71.61667561789857
126.7269055543484
74.81147155624349
133.11649743103823
74.27900556651933
140.03855529745223
74.81147155624349
156.0125349891768
72.14914160762272
140.03855529745223
74.27900556651933
133.11649743103823
73.74653957679519
126.7269055543484
74.27900556651933
