54.20674960630124
139.95621988868294
54.6740491718728
119.86233856910576
57.94514613087374
99.76845724952857
60.748943524303115
80.14187549552295
66.35653831116186
61.449892872660456
76.16982918816467
43.69250938094108
87.38501876188216
28.271623717079525
101.8713052946006
14.719936315504215
119.62868878631997
11.448839356503278
137.85337184361092
15.187235881075779
152.80695794190092
28.271623717079525
165.89134577790466
43.69250938094108
177.10653535162214
60.51529374151733
183.64872926962403
79.20727636437982
186.4525266630534
98.36655855281388
189.25632405648278
117.99314030681951
190.65822275319746
138.55432119196826
63.08544135216093
138.55432119196826
71.49683353244905
146.96571337225637
84.58122136845279
146.03111424111324
96.26371050774185
141.35811858539762
108.41349921260247
136.21782336411044
133.1803761878953
136.21782336411044
145.79746445832748
141.35811858539762
158.41455272875965
145.0965151099701
171.03164099919184
145.5638146755417
178.9757336139084
137.15242249525357
120.5632879174631
123.60073509367825
120.5632879174631
108.1798494298167
120.5632879174631
92.75896376595513
120.5632879174631
77.80537766766514
106.07700138474466
76.40347897095046
112.61919530274653
73.13238201194952
120.09598835189153
69.86128505294857
127.57278140103654
72.66508244637795
134.11497531903842
75.9361794053789
79.44092614716561
125.00263379039295
86.9177191963106
127.80643118382231
95.7964109421703
126.40453248710763
102.80590442574373
121.731536831392
94.3945122454556
119.86233856910576
85.98312006516748
120.79693770024888
139.72257010589715
121.26423726582044
146.26476402389903
125.93723292153607
155.14345576975873
125.93723292153607
162.15294925333214
123.13343552810669
156.07805490090183
119.3950390035342
147.66666272061372
118.92773943796263
92.05801441759779
61.449892872660456
104.20780312245842
59.113395044802644
113.55379443388966
59.113395044802644
120.5632879174631
57.2441967825164
128.0400809666081
59.113395044802644
137.38607227803934
59.58069461037421
148.60126185175685
62.38449200380358
137.85337184361092
50.70200286451452
128.0400809666081
44.627108512084206
120.09598835189153
43.225209815369524
112.61919530274653
44.15980894651265
102.80590442574373
48.83280460222827
96.73101007331341
59.113395044802644
113.55379443388966
54.44039938908702
120.5632879174631
53.505800257943896
128.0400809666081
54.907698954658585
143.46096663046967
59.58069461037421
128.0400809666081
54.44039938908702
120.09598835189153
53.03850069237233
113.0864948683181
53.973099823515454
