84.29518734277832
157.83547147285734
84.29518734277832
139.81374176509092
87.20191794080516
122.3733581769299
91.8526868976481
104.93297458876887
99.99153257212325
88.65528323981857
109.8744166054145
74.70297636928974
121.50133899752186
61.33201561836629
133.12826138962922
50.86778546546967
148.24326049936877
47.37970874783747
163.35825960910833
49.70509322625894
177.31056647963715
59.58797725955019
190.10018111095525
72.37759189086827
201.14575738345724
85.74855264179173
208.703256938327
102.02624399074203
213.9353720147753
120.04797369850843
216.84210261280217
138.6510495258802
218.00479485201288
157.25412535325196
86.03922570159442
174.11316282180763
97.08480197409641
177.60123953943983
110.45576272501987
173.53181670220226
122.66403123673258
168.88104774535933
134.29095362883993
163.06758654930564
163.35825960910833
162.48624042970027
175.56652812082103
168.29970162575395
187.77479663253376
172.36912446299152
201.14575738345724
175.27585506101838
212.77267977556457
171.20643222378078
148.24326049936877
150.8593180375929
147.6619143797634
136.9070111670641
147.08056826015803
122.3733581769299
146.49922214055266
107.83970518679571
133.70960750923456
103.77028234955813
140.1044148248936
100.8635517515313
147.08056826015803
97.95682115350446
154.6380678150278
100.28220563192593
161.61422125029222
103.18893622995277
98.24749421330714
156.6727792336466
107.54903212699303
160.1608559512788
118.01326227988964
158.4168175924627
127.31480019357552
150.8593180375929
116.26922392107355
149.11527967877683
105.80499376817693
150.27797191798754
170.9157591639781
150.27797191798754
180.217297077664
157.83547147285734
191.26287335016596
158.4168175924627
199.9830651442465
154.92874087483048
192.4255655893767
149.11527967877683
181.3799893168747
148.53393355917146
122.08268511712721
86.91124488100247
131.96556915041847
86.3298987613971
141.26710706410435
87.49259100060785
147.6619143797634
85.16720652218636
154.05672169542245
86.91124488100247
164.52095184831907
85.16720652218636
176.1478742404264
85.74855264179173
165.10229796792441
75.28432248889511
154.6380678150278
70.63355353205218
147.6619143797634
70.63355353205218
140.68576094449898
71.21489965165755
131.3842230308131
75.86566860850048
126.1521079543648
84.585860402581
140.68576094449898
81.67912980455417
147.6619143797634
80.51643756534342
154.6380678150278
81.0977836849488
171.49710528358347
84.00451428297563
154.6380678150278
81.0977836849488
147.6619143797634
80.51643756534342
140.68576094449898
81.67912980455417
