70.0017666458042
126.93982331897591
70.98770702109721
109.68586675134812
73.45255795932975
92.43191018372032
75.9174088975623
75.67092380373904
79.86117039873436
59.40290761140426
86.76275302578549
44.61380198200901
96.62215677871565
31.79657710319979
108.94641146987836
20.4582627873301
124.72145747456662
16.51450128615803
141.97541404219442
18.979352224390574
160.70828117276173
27.852815602027725
177.46926755274302
39.19112991789742
191.76540299449178
52.99429517199965
200.1458961844824
70.24825173962745
203.10371731036147
89.47408905784127
205.0755980609475
108.6999263760551
206.55450862388702
128.91170406956195
70.4947368334507
143.20783951131068
77.88928964814833
150.60239232600833
88.73463377637151
151.58833270130134
100.0729480922412
149.6164519507153
110.9182922204644
145.67269044954324
133.59492085220378
145.67269044954324
146.9051159186595
150.60239232600833
160.21531098511522
153.56021345188736
174.01847623921748
151.58833270130134
184.37085017979413
144.19377988660372
122.7495767239806
131.86952519544099
121.76363634868757
119.54527050427829
121.27066616104106
107.71398600076209
120.28472578574805
95.38973130959937
111.4112624081109
87.50220830725524
116.8339344722225
85.5303275566692
122.25660653633409
83.06547661843666
129.1581891633852
85.5303275566692
135.0738314151433
87.00923811960874
83.31196171225992
130.88358482014797
90.21354433931104
135.81328669661306
100.0729480922412
135.32031650896656
107.46750090693884
127.92576369426894
99.0870077169482
126.4468531313294
89.72057415166454
126.4468531313294
144.93323516807348
127.92576369426894
152.8207581704176
135.81328669661306
162.68016192334778
136.30625688425957
170.5676849256919
130.88358482014797
163.6661022986408
126.4468531313294
153.80669854571062
125.9538829436829
98.10106734165517
66.79746042610189
107.46750090693884
70.74122192727395
115.84799409692947
72.71310267786
122.7495767239806
71.23419211492046
130.63709972632472
72.71310267786
141.97541404219442
70.24825173962745
154.79263892100363
66.79746042610189
141.97541404219442
57.923997048464734
130.63709972632472
54.966175922585684
122.25660653633409
54.47320573493918
114.86205372163646
55.4591461102322
106.48156053164581
57.923997048464734
103.03076921812026
65.81152005080887
115.84799409692947
65.31854986316236
123.2425469116271
64.82557967551585
131.13006991397123
64.82557967551585
149.86293704453857
65.81152005080887
130.14412953867821
64.82557967551585
122.25660653633409
64.33260948786935
115.35502390928296
64.82557967551585
