58.37783178318592
126.81234887355933
58.86840179817067
109.15182833410812
60.34011184312494
91.49130779465692
62.79296191804872
73.83078725520572
68.67980209786579
57.641976760708786
78.4912023975609
42.43430629618136
89.77431274221027
28.698345876608204
104.00084317676819
17.415235531958825
122.15193373120415
13.49067541208078
140.3030242856401
15.943525487004557
156.00126476515229
25.264355771714914
170.2277951997102
38.01917616131856
182.00147555934433
52.24570659587647
189.36002578411566
69.41565712034291
192.3034458740242
88.05731768976364
194.75629594894798
106.69897825918434
196.718576008887
125.34063882860505
70.64208215780481
139.0765992481782
78.4912023975609
146.92571948793432
90.7554527721798
150.35970959282758
103.51027316178343
149.86913957784284
114.79338350643282
145.45400944298004
135.8878941507773
146.43514947294955
148.64271454038095
150.35970959282758
161.88810494496934
150.35970959282758
174.15235531958825
146.92571948793432
182.98261558931384
138.0954592182087
125.09535382111268
131.22747900842214
124.60478380612793
118.47265861881849
124.60478380612793
106.20840824419959
124.11421379114317
93.45358785459594
109.88768335658526
86.58560764480937
116.75566356637184
84.13275756988558
124.60478380612793
81.67990749496181
132.453904045884
84.13275756988558
139.3218842556706
87.07617765979413
83.39690254740846
128.77462893349835
91.24602278716455
134.17089909833066
100.5668530718749
133.6803290833459
107.92540329664624
126.32177885857458
99.5857130419054
126.32177885857458
90.7554527721798
126.81234887355933
144.22758440551814
126.81234887355933
152.567274660259
133.6803290833459
161.3975349299846
134.17089909833066
169.24665516974068
129.2651989484831
161.88810494496934
126.81234887355933
153.05784467524376
126.32177885857458
90.26488275719502
69.90622713532767
102.52913313181392
73.34021724022097
114.79338350643282
74.81192728517523
123.62364377615842
72.84964722523621
132.94447406086877
74.81192728517523
146.68043448044193
73.83078725520572
159.92582488503032
70.39679715031242
147.66157451041144
53.22684662584599
133.92561409083828
45.86829640107465
123.62364377615842
44.887156371105135
114.30281349144806
45.86829640107465
101.54799310184441
53.22684662584599
94.18944287707308
68.92508710535816
114.79338350643282
69.41565712034291
123.62364377615842
68.92508710535816
133.4350440758535
69.90622713532767
156.49183478013703
69.41565712034291
133.92561409083828
54.207986655815496
124.11421379114317
53.22684662584599
114.30281349144806
54.207986655815496
