51.106575739119165
125.1146830594474
53.517263273983275
105.8291827805345
56.89222582279304
87.99009502254007
60.26718837160279
68.70459474362718
66.53497596224948
49.90123197168711
77.14200111565157
33.508556734611155
91.12398881786342
20.49084404634495
107.03452654796655
10.36595639991568
125.3557518129338
6.990993851105924
142.23056455698259
11.812368920834148
158.14110228708572
23.383669088181883
171.64095248232474
36.88351928342091
181.765840128754
52.794057013524046
188.0336277194007
70.15100726454565
191.40859026821047
88.95437003648571
193.33714029610175
107.27559530145297
193.81927780307458
126.07895807339304
66.53497596224948
136.2038457198223
74.24917607381464
142.9537708174418
85.33833873418955
145.36445835230595
96.90963890153729
143.43590832441464
107.9988015619122
138.61453325468642
140.3020145290913
137.16812073376795
149.94476466854775
141.98949580349617
161.03392732892266
144.8823208453331
171.64095248232474
143.91804583138747
181.2837026217812
139.09667076165925
124.39147679898817
128.00750810128432
124.39147679898817
115.47193291999095
124.87361430596098
103.41849524567039
125.3557518129338
90.882920064377
111.85590161769478
84.61513247373031
118.6058267153143
82.2044449388662
125.83788931990662
80.27589491097491
132.58781441752615
82.2044449388662
138.85560200817284
85.09726998070315
82.92765119932544
127.52537059431151
90.6418513108906
131.3824706500941
98.83818892942858
131.3824706500941
106.07025153402091
125.59682056642022
98.35605142245575
125.59682056642022
90.15971380391778
125.59682056642022
142.71270206395542
125.59682056642022
149.46262716157491
130.90033314312126
157.6589647801129
131.3824706500941
165.37316489167807
127.52537059431151
158.14110228708572
125.59682056642022
150.42690217552055
125.1146830594474
92.57040133878189
67.25818222270871
104.62383901310244
69.66886975757282
116.677276687423
71.11528227849129
125.3557518129338
69.66886975757282
133.55208943147179
71.11528227849129
145.12338959881953
71.11528227849129
156.21255225919444
69.1867322506
146.08766461276517
55.68688205536098
134.03422693844462
49.41909446471429
125.3557518129338
47.97268194379582
116.19513918045018
48.936956957741465
103.6595639991568
53.75833202746969
96.90963890153729
66.29390720876307
116.677276687423
65.81176970179025
125.3557518129338
65.32963219481742
133.55208943147179
66.29390720876307
152.35545220341186
68.22245723665436
134.03422693844462
56.65115706930662
125.3557518129338
55.204744548388156
116.677276687423
55.68688205536098
