70.07929871433652
152.11657300294473
71.191668535199
132.65010113785127
72.86022326649272
114.29599909362027
75.64114781864893
96.49808195982052
82.31536674382384
79.25634973645201
94.55143477331117
64.79554206523972
109.56842735495471
53.11565894618363
126.25397466789198
43.10433055842127
143.49570689126048
39.76722109583382
160.18125420419776
42.548145647990026
175.1982467858413
53.11565894618363
189.10286954662234
65.35172697567096
199.67038284481595
79.25634973645201
205.78841685955962
96.49808195982052
209.12552632214707
114.85218400405151
212.46263578473452
132.65010113785127
214.13119051602825
151.5603880925135
77.86588746037391
161.01553156984463
90.10195548986124
167.68975049501952
104.56276316107353
167.68975049501952
118.46738592185459
163.79645612200082
131.8158237722044
158.2346070176884
155.73177492074782
158.79079192811966
169.08021277109762
164.35264103243208
181.8724657110162
167.68975049501952
195.77708847179724
168.24593540545075
206.9007866804221
161.57171648027585
144.60807671212297
146.55472389863232
145.16426162255422
133.2062860482825
145.72044653298545
120.41403310836394
146.2766314434167
107.62178016844537
131.25963886177317
100.94756124327046
137.93385778694807
99.27900651197673
145.16426162255422
97.05426687025177
151.83848054772912
99.27900651197673
157.40032965204153
101.5037461537017
93.99524986287993
147.6670937194948
102.89420842977981
152.11657300294473
113.46172172797341
151.00420318208225
122.36068029487328
144.32998425690735
112.34935190711093
142.1052446151824
101.78183860891733
142.6614295256136
163.5183636667852
144.32998425690735
172.97350714411633
151.00420318208225
182.98483553187867
151.5603880925135
191.3276091883473
147.6670937194948
184.09720535274116
142.6614295256136
174.0858769649788
142.6614295256136
117.3550161009921
80.36871955731449
128.47871430961695
84.2620139303332
137.93385778694807
87.0429384824894
144.60807671212297
84.81819884076444
151.83848054772912
87.0429384824894
160.18125420419776
84.81819884076444
169.08021277109762
81.48108937817697
160.18125420419776
73.13831572170835
152.39466545816038
69.80120625912089
144.60807671212297
68.6888364382584
137.3776728765168
69.24502134868965
127.9225293991857
72.02594590084587
122.36068029487328
80.36871955731449
137.93385778694807
79.81253464688325
144.60807671212297
79.81253464688325
151.28229563729786
80.36871955731449
164.6307334876477
80.92490446774573
151.83848054772912
80.36871955731449
144.60807671212297
79.81253464688325
137.93385778694807
80.36871955731449
