70.47638792286024
126.90678244850709
70.47638792286024
110.15015874656828
71.95491354361955
93.88637691821592
75.89764853231102
77.62259508986355
82.30459288893469
61.85165513509762
90.68290473990409
47.559240801091
100.5397422116328
33.759668340670814
112.86078905129368
21.93146337459637
127.64604525888673
17.98872838590489
143.9098270872391
20.945779627423498
160.6664507891779
29.816933351979333
175.45170699677095
41.64513831805378
187.77275383643183
55.937552652060404
195.16538194022837
72.6941763539992
199.10811692891986
90.9293256766973
201.57232629685203
109.16447499939541
202.55801004402488
126.90678244850709
72.94059729079243
147.11329926555092
79.84038352100251
154.9987692429339
89.69722099273122
155.49161111652032
100.04690033804636
152.0417180014153
110.3965796833615
147.11329926555092
136.02435710985614
147.11329926555092
148.34540394951702
153.02740174858815
161.65213453635076
156.4772948636932
174.95886512318452
154.01308549576103
185.8013863420861
146.12761551837806
123.70331027019525
132.32804305795787
122.71762652302237
120.49983809188342
121.7319427758495
108.17879125222254
121.23910090226308
95.85774441256166
109.90373780977507
88.95795818235156
115.81784029281229
86.49374881441939
122.71762652302237
84.0295394464872
130.60309650040534
86.00090694083295
137.50288273061543
87.97227443517869
84.27596038328043
131.34235931078499
90.19006286631766
135.28509429947647
99.06121659087349
134.2994105523036
106.45384469467001
128.3853080692664
98.07553284370061
127.39962432209352
89.69722099273122
127.39962432209352
146.37403645517128
127.39962432209352
153.7666645589678
133.31372680513073
162.63781828352364
133.80656867871718
170.5232882609066
129.8638336900257
163.6235020306965
126.41394057492064
154.75234830614068
126.41394057492064
99.06121659087349
68.25859949172128
106.94668656825645
71.70849260682633
116.31068216639872
73.18701822758564
123.70331027019525
71.70849260682633
132.08162212116466
72.6941763539992
144.40266896082554
70.72280885965345
156.72371580048642
67.27291574454841
146.37403645517128
51.00913391619605
133.56014774192397
44.602189559572395
124.68899401736812
43.616505812399524
116.31068216639872
45.09503143315883
106.45384469467001
51.99481766336892
103.98963532673784
66.28723199737554
116.31068216639872
65.30154825020267
123.70331027019525
64.3158645030298
132.57446399475108
64.80870637661624
152.2881389382085
65.79439012378911
133.0673058683375
57.41607827281971
124.19615214378169
56.43039452564684
116.80352403998516
57.908920146406146
