70.22674385434662
138.61920708563196
72.32306456641668
120.80048103303655
75.46754563452174
102.98175498044114
78.61202670262682
84.6389487498282
84.37690866081945
68.39246323128533
93.28627168711716
52.14597771274246
104.81603560350243
38.51989308428714
118.96620040997526
27.514209345919387
136.26084628455317
24.369728277814314
153.03141198111354
27.514209345919387
167.70565696560388
37.99581290626963
179.75950106000667
51.621897534724944
189.19294426432188
67.3443028752503
194.9578262225145
84.6389487498282
198.6263874686371
103.50583515845865
201.77086853674217
122.37272156708909
202.8190288927772
141.76368815373704
80.70834741469687
150.67305118003475
88.56955008495954
159.58241420633243
100.62339417936234
162.7268952744375
113.20131845178263
160.63057456236746
124.73108236816789
154.86569260417482
143.59796877679833
157.4860934942624
155.1277326931836
163.25097545245504
167.70565696560388
164.82321598650756
179.75950106000667
160.63057456236746
187.62070373026935
152.24529171408727
134.16452557248311
141.2396079757195
133.6404453944656
128.13760352528172
133.6404453944656
115.03559907484392
133.1163652164481
101.93359462440611
122.11068147808032
94.07239195414343
127.87556343627296
91.45199106405586
134.16452557248311
89.87975053000334
140.45348770869325
91.97607124207337
146.21836966688588
94.07239195414343
94.33443204315219
140.715527797702
101.67155453539735
147.00448993391214
111.10499773971257
146.48040975589464
117.39395987592272
137.04696655157943
109.53275720566003
135.47472601752688
100.09931400134482
135.9988061955444
151.9832516250785
137.57104672959693
158.79629393930617
147.00448993391214
168.2297371436214
148.05265028994717
175.04277945784906
141.2396079757195
169.80197767767393
136.5228863735619
160.36853447335872
135.47472601752688
111.10499773971257
66.29614251921528
120.01436076601028
69.44062358732036
128.39964361429048
72.58510465542543
134.16452557248311
70.48878394335539
139.92940753067575
72.58510465542543
148.83877055697346
68.91654340930285
159.3203741173237
66.29614251921528
149.88693091300846
56.338619136882556
140.97756788671077
53.194138068777484
134.6886057505006
52.67005789075997
127.87556343627296
53.71821824679499
119.49028058799277
57.386779492917576
115.29763916385266
65.77206234119777
128.39964361429048
66.8202226972328
134.16452557248311
65.77206234119777
140.45348770869325
66.8202226972328
155.1277326931836
65.77206234119777
140.45348770869325
63.67574162912772
134.16452557248311
62.6275812730927
127.87556343627296
63.67574162912772
