39.53304322357129
112.15835296575001
41.754000708041595
92.6139271024114
43.97495819251189
73.9578842328609
47.0842986707703
55.746032860204465
54.19136262107526
38.8667559782302
67.07291603100298
25.09681957451436
83.50800141608319
14.880415145950993
101.27566129184557
6.884968201857922
120.37589565829012
5.108202214281684
138.1435555340525
8.2175426925401
152.3576834346624
17.545564127315348
164.79504534769606
29.094543046560897
173.23468378868318
43.308670947170796
176.3440242669416
60.632139326039116
176.3440242669416
78.3997992018015
177.23240726072973
95.72326758066981
178.12079025451786
113.4909274564322
55.07974561486338
122.81894889120744
63.51938405585051
133.92373631355895
76.84512896267229
139.69822577318172
91.94763985707031
139.69822577318172
106.16176775768021
136.14469379802924
127.03876811170102
134.81211930734705
140.36451301852279
138.8098427793936
154.13444942223865
138.36565128249953
165.6834283414842
132.59116182287676
171.45791780110696
121.93056589741933
117.71074667692577
120.59799140673715
118.59912967071388
110.82577847506784
119.04332116760794
101.4977570402926
119.93170416139606
91.28135261172922
103.49661877631586
82.39752267384803
111.04787422351487
79.73237369248368
119.04332116760794
77.51141620801337
126.15038511791289
79.73237369248368
132.36906607442972
82.39752267384803
75.06836297509605
116.15607643779656
82.61961842229506
121.93056589741933
91.50344836017625
121.48637440052526
99.49889530426933
115.7118849409025
91.50344836017625
113.93511895332625
83.06380991918913
113.93511895332625
131.03649158374753
115.26769344400843
139.03193852784062
121.48637440052526
147.9157684657218
121.48637440052526
155.4670239129208
116.15607643779656
148.35995996261587
113.4909274564322
139.4761300247347
113.4909274564322
83.95219291297724
58.85537333846288
96.38955482601091
64.18567130119159
108.82691673904458
65.96243728876783
117.2665551800317
64.62986279808565
126.15038511791289
66.4066287856619
137.25517254026437
65.07405429497972
147.02738547193368
59.743756332251
138.1435555340525
49.083160406793574
127.92715110548913
45.52962843164109
119.04332116760794
45.08543693474704
109.71529973283269
45.52962843164109
96.83374632290497
48.63896890989951
87.50572488812972
58.41118184156882
109.27110823593863
61.07633082293318
117.71074667692577
60.632139326039116
126.15038511791289
61.520522319827236
143.02966199988714
59.29956483535694
127.03876811170102
52.19250088505199
118.15493817381982
51.74830938815793
109.27110823593863
52.19250088505199
