59.954516520429436
129.38902069579856
61.491811815825066
112.47877244644668
64.56640240661632
95.05609243196291
68.15342476253944
78.14584418261101
73.2777424138582
60.723164168127255
83.52637771649572
45.86264297930286
97.36203537505635
34.5891441464016
112.73498832901262
24.852940608895963
129.64523657836452
21.77835001810471
146.04305306258453
24.852940608895963
161.92843778167267
34.07671238126972
175.25166367510144
45.35021121417098
185.50029897773894
59.698300637863504
190.11218486392582
76.09611712208351
192.6743436895852
94.03122890169917
195.23650251524458
110.42904538591918
196.26136604550834
126.8268618701392
70.20315182306695
140.66251952869985
78.40206006517695
150.39872306620546
90.1879906632101
155.52304071752422
103.51121655663886
156.0354724826561
115.80957891980387
151.9360183616011
146.04305306258453
151.9360183616011
158.34141542574955
157.06033601291986
170.63977778891456
157.57276777805174
182.4257083869477
153.47331365699674
189.59975309879394
144.76197364975485
131.694963638892
138.10036070304045
132.20739540402388
126.31443010500732
132.20739540402388
114.52849950697419
132.71982716915576
102.74256890894105
118.88416951059513
95.05609243196291
125.03335069217763
93.00636537143541
131.694963638892
90.44420654577604
138.3565765856064
93.00636537143541
144.5057577671889
94.54366066683104
87.11340007241884
134.51333834711733
93.77501301913323
140.15008776356797
102.99878479150699
140.15008776356797
110.68526126848512
134.51333834711733
102.99878479150699
132.46361128658984
93.77501301913323
132.46361128658984
151.1673707139033
135.53820187738108
158.85384719088142
141.68738305896358
167.5651871981233
142.19981482409545
174.22680014483768
136.56306540764484
168.0776189632552
134.00090658198545
159.3662789560133
134.00090658198545
100.43662596584761
72.50909476616039
111.197693033617
78.14584418261101
122.47119186651825
79.68313947800665
130.67010010862828
77.63341241747915
138.86900835073828
79.17070771287477
149.63007541850766
78.14584418261101
161.4160060165408
74.04639006155601
150.65493894877142
64.31018652405038
139.893871881002
60.210732402995376
130.67010010862828
58.67343710759975
121.95876010138637
59.698300637863504
110.17282950335324
62.26045946352288
102.99878479150699
72.50909476616039
121.95876010138637
75.58368535695165
130.67010010862828
75.07125359181977
138.86900835073828
75.58368535695165
157.82898366061767
73.53395829642415
139.38144011587016
65.847481819446
130.67010010862828
64.82261828918226
121.95876010138637
65.847481819446
