70.59175486657699
136.21594179809856
69.54595109077584
118.96017949737974
71.11465675447755
101.70441719666091
74.77496996978155
84.97155678384267
80.52689073668782
68.76159825892499
89.93912471889809
54.12034539770902
101.44296625271063
40.00199442439362
115.03841533812546
27.45234911477994
131.77127575094372
22.746232123674808
150.59574371536425
25.36074156317766
167.3286041281825
35.295877433288496
183.53856265310017
48.89132651870332
196.6111098506144
64.05548126781986
204.97754005702356
81.83414545643924
209.16075516022812
101.18151530876035
212.29816648763153
120.52888516108145
213.86687215133324
139.87625501340256
76.34367563348326
151.90299843511568
85.23300772779295
158.1778210899225
97.25975114950607
157.13201731412136
107.71778890751747
152.9488022109168
117.65292477762831
147.19688144401053
145.8896267242591
146.67397955610997
158.96217392177337
151.3800965472151
172.0347211192876
154.5175078746185
184.58436642890132
153.47170409881738
196.08820796271385
147.7197833319111
131.77127575094372
137.2617455738997
130.72547197514257
125.23500215218658
130.202570087242
113.73116061837403
129.67966819934142
101.70441719666091
119.22163044133002
94.38379076605294
124.9735512082363
92.81508510235122
131.24837386304313
90.72347755074894
138.04609840575054
92.81508510235122
144.84382294845796
94.38379076605294
88.89332094309695
138.30754934970085
96.7368492616055
143.01366634080597
106.67198513171634
142.4907644529054
113.99261156232431
135.1701380222974
105.10327946801462
134.12433424649626
95.69104548580437
134.64723613439685
154.7789588185688
135.1701380222974
162.62248713707734
141.44496067710426
172.0347211192876
141.44496067710426
180.40115132569673
136.73884368599911
172.5576230071882
134.12433424649626
163.6682909128785
133.6014323585957
100.92006436481006
79.74253790483696
113.46970967442375
79.74253790483696
124.45064932033573
80.26543979273754
132.81707952674486
78.17383224113526
142.2293135089551
80.26543979273754
155.30186070646937
79.74253790483696
169.42021167978476
79.74253790483696
155.82476259436993
64.05548126781986
142.7522153968557
56.73485483721188
132.81707952674486
55.68905106141074
123.40484554453458
56.73485483721188
112.4239058986226
63.53257937991929
105.6261813559152
76.60512657743355
123.92774743243515
74.51351902583126
132.81707952674486
73.46771525003012
142.2293135089551
75.03642091373183
164.71409468867964
77.65093035323468
142.7522153968557
66.14708881942214
132.81707952674486
64.57838315572043
123.92774743243515
66.14708881942214
