60.99175358344775
142.9021664537805
61.99988174185185
122.73960328569858
65.02426621706414
103.58516827602077
67.54458661307437
84.43073326634297
74.60148372190304
67.79661865267539
85.69089346434808
53.17876035581602
98.29249544439928
40.07309429656278
111.3981615036525
28.479620474915688
127.52821203811803
24.951171920501356
143.65826257258357
27.97555639571364
158.27612086944293
40.07309429656278
172.8939791663023
52.67469627661397
185.4955811463535
67.79661865267539
193.0565423343842
85.94292550394911
196.0809268095965
105.60142459282896
199.60937536401084
125.25992368170881
202.12969576002106
145.42248684979072
68.55271477147846
149.4549994834071
78.63399635551941
153.99157619622554
90.22747017716651
151.4712558002153
101.31687991961155
146.93467908739686
111.90222558285456
140.38184605777025
142.65013441417946
140.88591013697229
155.25173639423065
146.93467908739686
167.3492742950798
150.96719172101325
179.95087627513098
152.4793839586194
190.53622193837398
147.4387431665989
128.03227611732007
127.27617999851701
127.52821203811803
112.15425762245557
127.02414795891599
96.5282711671921
126.52008387971394
81.40634879113068
111.90222558285456
82.91854102873683
118.95912269168322
78.3819643159184
127.02414795891599
74.85351576150406
135.59323730535078
78.3819643159184
143.1541984933815
81.91041287033272
83.6746371475399
133.32494894894157
92.2437264939747
137.35746158255796
102.32500807801566
135.84526934495182
109.88596926604637
127.78024407771906
100.81281584040951
127.78024407771906
90.73153425636856
128.78837223612314
148.19483928540197
127.78024407771906
156.25986455263475
135.84526934495182
166.3411461366757
136.85339750335592
174.40617140390844
132.82088486973953
167.85333837428183
128.78837223612314
158.27612086944293
127.78024407771906
94.76404688998494
76.3657079991102
107.36564887003613
73.84538760309997
118.95912269168322
71.82913128629178
127.02414795891599
69.81287496948359
136.09730138455285
71.32506720708973
148.19483928540197
73.34132352389791
162.30863350305933
75.86164391990816
149.7070315230081
57.211272989432395
137.10542954295693
49.14624772219964
127.52821203811803
47.634055484593496
117.95099453327913
49.14624772219964
106.35752071163203
57.211272989432395
99.80468768200542
73.34132352389791
118.95912269168322
68.30068273187744
127.52821203811803
67.29255457347335
136.6013654637549
68.30068273187744
156.7639286318368
73.34132352389791
137.10542954295693
58.72346522703854
127.52821203811803
57.211272989432395
118.45505861248118
59.22752930624059
