30.007136331446926
121.6443142051733
30.930432833952985
102.25508765254607
33.23867409021813
83.32750935117186
38.77845310525449
64.39993104979763
49.8580111353272
47.78059400468857
66.01569992918324
35.31609122085677
84.01998172805139
25.159829693290114
103.40920828067864
16.850161170735582
120.49019357704073
16.850161170735582
132.95469636087253
22.389940185771938
141.26436488342708
36.701035974615856
148.65073690347555
50.550483512206746
156.03710892352402
64.86157930105067
161.57688793856036
79.17267508989458
166.19337045109066
94.40706738124456
166.19337045109066
108.71816317008847
164.34677744607856
122.56761070767936
60.47592091414688
132.723872235246
72.47877544672565
138.26365125028238
85.86657473306352
140.1102442552945
99.25437401940137
138.26365125028238
113.10382155699226
134.1088169890051
137.57117887340283
134.1088169890051
145.41919914470432
138.7252995015354
153.72886766725887
142.88013376281268
161.11523968730734
144.7267267678248
167.11666695359673
141.03354075780055
127.41491734583617
121.18266595392028
130.18480685335436
109.17981142134151
133.41634461212556
96.71530863750971
136.18623411964373
84.71245410493094
114.48876631075134
74.55619257736429
122.33678658205285
73.1712478236052
130.18480685335436
71.32465481859307
136.18623411964373
73.63289607485822
140.80271663217403
77.32608208488246
75.71031320549686
120.72101770266725
84.48162997930443
126.72244496895664
95.56118800937713
127.18409322020966
102.48591177817258
118.87442469765513
94.17624325561805
115.64288693888392
83.55833347679837
115.64288693888392
134.80128936588466
120.72101770266725
142.64930963718615
129.95398272772783
152.34392291349977
131.80057573273996
157.42205367728312
126.72244496895664
153.72886766725887
120.25936945141422
144.49590264219827
119.33607294890815
90.48305724559381
55.62861427599007
106.64074603944985
57.01355902974916
120.0285453257877
59.32180028601431
126.49162084333013
57.936855532255215
132.03139985836648
60.706745039773395
137.1095306221498
60.706745039773395
141.7260131346801
61.168393291026426
136.18623411964373
52.858724768471895
131.1081033558604
46.857297502182504
125.56832434082406
44.549056245917356
118.64360057202862
43.6257597434113
105.71744953694379
46.39564925092948
95.56118800937713
54.70531777348401
119.56689707453468
52.39707651721886
126.02997259207709
52.39707651721886
132.03139985836648
54.24366952223098
138.03282712465585
58.39850378350825
131.1081033558604
55.62861427599007
125.56832434082406
53.320373019724926
119.10524882328164
52.858724768471895
