77.5190095142791
130.81332855534598
77.5190095142791
114.49353707865565
80.57897041615854
99.19373256925846
85.67890525262428
84.40392154350783
91.79882705638315
69.61411051775723
98.93873582743517
55.33429297565318
107.6086250494269
42.07446240084227
117.2985012387118
30.85460576061767
132.08831226446242
27.284651375091656
148.91809722479934
28.304638342384802
166.25787566878282
35.444547113436826
181.04768669453344
46.66440375366143
194.30751726934432
59.92423432847233
203.9973934586292
76.24402580516266
209.60732177874152
93.58380424914616
212.66728268062096
113.4735501113625
214.19726313156067
133.36329597357886
74.45904861239967
152.23305486850205
81.59895738345169
158.35297667226092
91.28883357273658
156.8229962213212
101.48870324566803
153.2530418357952
110.66858595130635
148.15310699932945
138.2082340682213
149.17309396662262
151.97805812667877
154.7830222867349
165.74788218513623
157.84298318861434
180.53769321088686
156.31300273767462
192.7775368184046
150.19308093391575
125.45839697705696
135.40326990816513
124.43841000976381
122.14343933335424
122.9084295588241
108.88360875854335
121.88844259153096
95.62377818373244
113.21855336953921
89.50385637997357
118.82848168965151
86.44389547809413
125.45839697705696
84.91391502715442
132.598305748109
86.44389547809413
140.2482080028076
87.97387592903385
86.18889873627084
135.9132633918117
92.8188140236763
140.50320474463086
102.50869021296118
139.9932112609843
110.66858595130635
132.85330248993228
101.48870324566803
131.32332203899256
91.79882705638315
131.32332203899256
149.4280907084459
132.3433090062857
158.09797993043765
139.48321777733773
168.2978496033691
139.48321777733773
176.96773882536084
134.89327642451858
169.31783657066225
130.81332855534598
159.11796689773078
130.81332855534598
106.58863808213377
68.59412355046408
113.72854685318579
72.16407793599008
121.37844910788438
74.20405187057638
126.98837742799668
72.16407793599008
134.63827968269527
73.6940583869298
145.85813632291988
70.63409748505036
158.6079734140842
68.0841300668175
146.36812980656646
57.88426039388604
135.14827316634185
54.31430600836003
127.49837091164326
54.31430600836003
120.35846214059123
55.33429297565318
113.72854685318579
60.434227812118905
110.66858595130635
67.57413658317093
121.37844910788438
68.0841300668175
127.49837091164326
67.06414309952436
135.14827316634185
67.57413658317093
154.01803206126505
66.55414961587778
134.12828619904872
65.53416264858464
126.98837742799668
65.53416264858464
120.86845562423781
66.55414961587778
