50.75690807452293
134.7768384308934
52.72805013566945
115.06541781942819
55.68476322738923
95.35399720796298
59.134261834395645
75.64257659649776
66.52604456369511
57.90229804617907
80.32403899172076
43.61151810286679
95.10760445031967
31.291880220701028
111.36952645477847
21.92895543025505
128.1242339745239
18.47945682324864
144.3861559789827
22.914526460828313
159.66250695286826
33.263022281847554
172.96771586560726
46.07544567929994
183.80899720191314
61.35179665318548
189.7224233853527
78.59928968821755
193.1719219923591
96.83235375382287
195.63584956879225
115.55820333471483
197.11420611465215
134.2840529156068
67.51161559426836
148.08204734363244
77.8601114152876
153.50268801178538
89.68696378216673
154.48825904235864
101.51381614904587
152.02433146592548
112.84788300063836
146.1109052824859
141.92222840254956
146.1109052824859
152.27072422356878
152.02433146592548
163.11200555987466
155.4738300729319
174.9388579267538
155.4738300729319
184.7945682324864
149.0676183742057
127.63144845923728
130.34176879331375
127.63144845923728
116.54377436528809
128.1242339745239
103.23856545254907
127.63144845923728
89.93335653981005
112.35509748535173
87.4694289633769
119.74688021465118
84.01993035637048
127.13866294395064
80.57043174936408
134.03766015796347
83.52714484108385
140.93665737197628
86.48385793280363
81.80239553758065
130.34176879331375
90.67253481274
135.26962394618005
100.03545960318597
134.2840529156068
108.41281336305869
125.90669915573406
99.0498885726127
125.41391364044743
89.68696378216673
126.3994846710207
144.87894149426933
125.90669915573406
153.25629525414206
134.2840529156068
162.61922004458802
135.26962394618005
170.99657380446075
129.8489832780271
164.09757659044791
126.3994846710207
154.73465180000196
125.41391364044743
90.67253481274
75.64257659649776
103.97774372547902
79.58486071879081
117.77573815350466
79.58486071879081
126.64587742866401
78.10650417293091
135.51601670382337
79.09207520350418
148.82122561656237
78.59928968821755
161.63364901401476
74.16422005063788
149.314011131849
56.42394150031918
136.00880221910998
50.017729801592985
126.15309191337738
49.03215877101972
116.79016712293141
50.51051531687961
102.99217269490575
58.395083561465704
94.1220334197464
74.16422005063788
117.77573815350466
74.16422005063788
126.64587742866401
73.17864902006461
135.51601670382337
73.67143453535124
157.69136489172172
72.68586350477798
135.51601670382337
57.90229804617907
126.64587742866401
56.91672701560581
117.28295263821803
57.90229804617907
