66.35582120824068
127.47302495267289
66.85473715717482
110.50988268891211
69.34931690184553
93.54674042515134
71.34498069758209
76.58359816139057
75.33630828905521
60.11937184656393
83.31896347200146
45.65080932747385
95.79186219535497
34.17574250198862
109.76150876551091
25.694171370108236
126.72465102927168
23.19959162543753
144.68562519090074
24.696339472239956
162.14768340359566
30.68333085944964
178.11299376948816
40.16273388919831
189.58806059497337
53.134548561485964
196.0739679311172
69.09985892737846
199.5663795736562
87.06083308900752
202.0609593183269
105.02180725063657
203.05879121619517
122.98278141226562
72.34281259545037
141.94158747176297
79.32763588052833
150.42315860364334
89.80487080814528
154.41448619511647
101.77885358256466
154.41448619511647
112.75500445911575
149.92424265470922
137.20188595688865
150.9220745525775
150.1737006291763
155.9112340419189
164.14334719933223
155.41231809298475
177.11516187161988
150.9220745525775
187.09348085030268
141.94158747176297
124.72898723353512
136.95242798242157
124.23007128460098
125.97627710587047
123.2322393867327
115.49904217825352
122.73332343779856
104.52289130170243
112.25608851018161
91.05216068048064
117.74416394845716
89.55541283367822
123.2322393867327
88.0586649868758
129.71814672287653
89.55541283367822
135.7051381100862
91.05216068048064
83.8178794209356
130.96543659521188
91.3016186549477
136.95242798242157
100.78102168469638
136.95242798242157
109.26259281657677
130.46652064627773
100.28210573576224
128.96977279947532
91.3016186549477
128.47085685054117
145.1845411398349
130.46652064627773
154.16502822064942
136.95242798242157
163.64443125039807
136.95242798242157
172.12600238227847
130.96543659521188
164.14334719933223
128.96977279947532
154.66394416958354
128.96977279947532
99.7831897868281
65.60744728483948
107.76584496977435
74.08901841671987
117.24524799952302
79.07817790606127
123.73115533566684
77.58143005925885
131.21489456967896
79.57709385499541
142.19104544623005
75.58576626352229
152.66828037384698
67.1041951316419
142.68996139516418
60.11937184656393
132.21272646754724
57.12587615295909
124.23007128460098
56.128044255090806
117.24524799952302
56.62696020402495
108.26476091870849
58.62262399976151
104.27343332723537
66.10636323377362
117.24524799952302
69.5987748763126
123.73115533566684
69.5987748763126
131.21489456967896
70.09769082524674
148.67695278237386
67.1041951316419
131.7138105186131
68.60094297844432
124.23007128460098
68.10202702951018
117.74416394845716
68.10202702951018
