35.05427074394834
124.09211843357711
36.923831850292245
102.59216571062213
39.728173509808116
81.09221298766715
44.40207627566789
60.9944310944701
54.21727208397343
42.766210307616966
70.57593176448265
29.67928256320959
89.27154282792176
20.798867308076012
107.96715389136087
13.788013159286345
124.3258135718701
15.190183989044279
137.88013159286345
21.733647861247967
147.69532740116898
36.22274643541328
157.04313293288854
49.30967417982066
166.3909384646081
63.33138247739999
171.53223150705387
78.75526160473726
174.3365731665697
94.17914073207453
174.3365731665697
109.13562958282581
172.9344023368118
123.15733788040515
62.630297062521024
136.7116559013985
73.84766370058449
143.72251005018816
87.40198172157785
144.65729060336014
100.02151918939924
141.3855586672583
112.64105665722064
135.77687534822655
143.95620518848116
137.64643645457045
151.4344496138568
143.2551197736022
159.38008431581844
147.461632262876
167.32571901778005
148.86380309263393
171.99962178363984
144.18990032677416
129.46710661431584
122.68994760381918
131.33666772065976
111.00519068916972
133.67361910358966
99.78782405110626
136.01057048651953
88.10306713645681
117.31495942308042
81.09221298766715
124.3258135718701
79.69004215790922
131.33666772065976
77.35309077497932
137.41274131627748
79.22265188132323
142.08664408213724
82.49438381742509
80.39112757278818
121.28777677406124
88.3367622747498
125.49428926333503
97.21717752988339
125.49428926333503
104.69542195525902
120.35299622088928
96.7497872532974
118.48343511454537
87.86937199816383
118.48343511454537
140.21708297579335
122.22255732723319
146.76054684799703
128.29863092285092
154.70618154995864
128.7660211994369
160.78225514557636
125.49428926333503
155.64096210313062
122.22255732723319
148.16271767775496
121.28777677406124
86.93459144499187
64.26616303057195
103.76064140208707
66.13572413691585
119.65191080601032
67.53789496667379
128.06493578455792
66.60311441350184
135.54318020993355
68.47267551984575
143.95620518848116
69.4074560730177
150.49966906068485
69.87484634960369
143.95620518848116
52.581406115922505
136.01057048651953
43.70099086078893
127.13015523138596
41.83142975444501
117.31495942308042
41.83142975444501
101.89108029574317
46.97272279689077
89.73893310450774
63.79877275398597
119.18452052942433
64.26616303057195
128.06493578455792
63.79877275398597
135.54318020993355
65.66833386032988
147.227937124583
67.07050469008782
135.54318020993355
50.71184500957859
127.13015523138596
48.3748936266487
118.24973997625239
47.907503350062726
