52.31514583781535
137.00352548616
53.86906106072075
117.83857107032665
56.976891506531565
98.6736166544933
61.63863717524779
80.02663397962843
69.40821328977482
62.93356652766896
81.83953507301807
47.91238603958336
98.41463078400908
36.51700773827705
117.06161345887395
28.229459882781548
134.1546809108334
26.67554465987614
150.21180488085594
29.265403364718487
163.16109840506766
39.624838184087864
174.0385049654055
52.57413170829958
180.7721375979956
67.59531219638518
185.43388326671183
83.65243616640771
189.5776571944596
100.2275318773987
192.6854876402704
116.28465584742125
193.72143112220732
133.3777232993807
71.99807199461716
153.06064945618252
84.42939377786041
159.27631034780416
98.93260252497754
160.83022557070956
113.43581127209467
157.72239512489875
127.42104827824332
152.54267771521407
151.2477483627929
151.50673423327711
162.12515492313074
156.16847990199335
174.55647670637399
158.2403668658672
185.9518550076803
156.6864516429618
192.6854876402704
148.3989037874663
139.3343983205181
138.03946896809694
140.88831354342352
126.64409066679062
141.92425702536045
114.73074062451583
143.47817224826585
102.81739058224106
127.42104827824332
95.04781446771402
134.1546809108334
93.49389924480862
140.37034180245504
91.42201228093474
145.55005921213973
92.45795576287168
150.7297766218244
94.52984272674556
87.53722422367123
137.52149722712846
96.86071556110366
142.70121463681315
107.22015038047304
141.66527115487622
116.02566997693701
133.89569504034918
105.66623515756763
132.85975155841226
95.30680033819826
133.3777232993807
152.28369184472982
132.85975155841226
161.08921144119378
140.11135593197082
171.44864626056318
140.62932767293927
179.73619411605867
135.44961026325458
171.96661800153163
131.30583633550683
162.12515492313074
131.30583633550683
107.7381221214415
72.77502960606986
120.16944390468475
77.95474701575455
131.0468504650226
80.54460572059689
138.29845483858116
78.47271875672303
144.5141157302028
80.54460572059689
152.28369184472982
77.95474701575455
160.05326795925686
72.77502960606986
152.8016635856983
66.04139697347978
145.03208747117125
62.93356652766896
138.29845483858116
62.41559478670049
130.52887872405412
62.93356652766896
119.65147216371629
66.04139697347978
112.91783953112619
72.2570578651014
130.52887872405412
72.2570578651014
138.29845483858116
71.22111438316446
144.5141157302028
71.73908612413292
155.39152229054065
72.2570578651014
144.5141157302028
72.77502960606986
138.81642657954964
72.2570578651014
131.0468504650226
72.77502960606986
