78.47575943197052
146.3544272618136
79.62139095652482
129.1699543934989
83.05828553018776
111.9854815251842
86.49518010385071
95.37382441914664
92.79615348889944
79.33498307538625
102.53402144761111
64.44177325618017
114.5631524554314
51.83982648608271
128.88354651236034
40.38351124053957
146.6408351429522
36.37380090459947
164.97093953582123
39.23787971598526
181.00978087958163
49.548563436974085
195.33017493651053
62.150510207071534
206.78649018205368
77.04372002627761
213.66027932937956
94.22819289459233
218.24280542759683
111.9854815251842
221.67970000125976
130.8884016803304
222.82533152581408
149.79132183547657
84.77673281701924
157.81074250735676
95.08741653800807
162.393268605574
107.11654754582837
162.393268605574
119.14567855364866
160.67482131874254
131.17480956146895
157.2379267450796
160.38841343760396
158.3835582696339
172.99036020770143
162.96608436785118
186.16512274007604
165.2573474169598
199.9127010347278
165.2573474169598
211.9418320425481
160.10200555646537
144.92238785612074
149.2185060731994
144.34957209384356
137.76219082765627
144.34957209384356
125.73305981983596
143.77675633156642
113.70392881201566
131.74762532374612
106.25732390241262
138.04859870879483
103.966060853304
144.92238785612074
102.24761356647252
152.36899276572376
103.966060853304
159.24278191304964
106.25732390241262
97.3786795871167
148.07287454864507
105.97091602127405
153.2282164091395
116.85441550454003
153.2282164091395
126.01946770097454
146.3544272618136
116.28159974226287
144.06316421270498
105.39810025899689
144.06316421270498
167.26220258492984
147.50005878636793
176.42725478136435
155.51947945824813
187.31075426463033
155.51947945824813
197.04862222334202
150.3641375977537
188.45638578918465
146.3544272618136
178.14570206819585
145.78161149953647
120.29131007820297
80.48061459994057
127.73791498780601
89.07285103409792
138.04859870879483
94.80100865686948
145.49520361839788
92.50974560776086
152.94180852800093
94.80100865686948
164.97093953582123
89.64566679637507
174.13599173225572
80.48061459994057
164.97093953582123
69.59711511667457
153.51462429027808
65.01458901845731
144.92238785612074
64.44177325618017
136.90296718424054
65.58740478073447
127.16509922552886
70.16993087895173
125.44665193869739
80.48061459994057
138.04859870879483
84.49032493588066
145.49520361839788
84.49032493588066
153.51462429027808
84.49032493588066
168.40783410948416
80.48061459994057
152.94180852800093
78.76216731310909
144.92238785612074
78.18935155083193
137.47578294651768
79.33498307538625
