66.37978665267306
122.01464381120839
65.42468180874971
106.25541388647306
65.90223423071139
90.49618396173773
69.24510118444312
74.7369540370024
74.97573024798324
59.455276534228744
83.57167384329341
45.12870387537845
92.64516986056528
30.802131216528146
103.15132314372217
18.385768245524552
117.95544822453414
13.132691603946109
135.1473354151545
14.565348869831139
151.86167018381317
23.638844887102994
167.6209001085485
34.14499817025988
181.9474727673988
47.9940184071485
191.02096878467066
64.23080075384551
195.31894058232575
83.33289763231258
197.70670269213414
103.390099354703
198.6618075360575
122.96974865513174
71.15531087228982
145.8922649092922
77.8410447797533
152.100446394794
86.91454079702515
154.4882085046024
96.94314165822037
154.01065608264074
106.4941900974539
148.7575794410623
131.32691603946108
147.32492217517725
143.74327901046468
154.01065608264074
156.63719440342996
155.92086577048744
170.0086622183569
153.05555123871738
180.0372630795521
144.4596076434072
116.52279095864911
128.2228252967102
115.09013369276408
116.76156716962994
113.65747642687904
105.77786146451139
112.22481916099402
94.31660333743115
102.67377072176049
86.19821216408263
108.4043997853006
83.81045005427426
115.09013369276408
81.90024036642755
122.73097244415091
84.28800247623593
131.32691603946108
86.67576458604431
80.70635931152336
125.35751076494013
87.39209321898683
129.6554825625952
95.51048439233533
129.17793014063355
103.62887556568384
122.49219623317006
95.03293197037365
122.01464381120839
86.43698837506348
122.49219623317006
139.44530721280958
122.49219623317006
148.04125080811977
128.70037771867186
157.11474682539162
129.17793014063355
165.7106904207018
124.87995834297845
158.06985166931497
122.01464381120839
148.51880323008143
121.53709138924671
89.77985532879521
71.39408708327066
99.80845618999042
74.25940161504072
110.79216189510899
75.21450645896408
119.38810549041916
73.78184919307904
127.98404908572935
75.21450645896408
142.31062174457963
74.25940161504072
156.15964198146827
70.91653466130899
143.26572658850301
50.85933293891856
128.9391539296527
42.26338934360839
118.91055306845749
41.785836921646705
109.83705705118564
43.696046609493415
98.85335134606707
53.24709504872695
95.51048439233533
69.48387739542396
110.79216189510899
67.57366770757724
119.38810549041916
66.61856286365389
127.98404908572935
67.09611528561557
151.3841177618515
69.48387739542396
128.46160150769103
53.72464747068862
119.38810549041916
53.24709504872695
110.31460947314731
55.63485715853533
