76.6339726405184
117.73764887497825
72.45393776921739
104.26864762300835
71.52504113115049
89.87074973297156
74.31173104535117
75.93730016196822
78.02731759761872
61.53940227193143
81.27845583085283
46.21260774382775
86.85183565925418
31.814709853790966
96.14080203992307
20.667950196988293
111.0031482489933
17.881260282787622
129.5810810103311
19.739053558921402
150.01680704780267
23.919088430222406
169.0591881281739
30.421364896690633
184.850430975311
40.63922791542642
195.53274231308023
56.43047076256354
201.1061221414816
75.00840352390134
203.4283637366488
94.05078460427256
205.28615701278258
112.62871736561036
78.49176591665217
137.24447827438294
82.67180078795317
144.67565137891805
90.10297389248828
146.99789297408526
97.99859531605685
146.53344465505182
105.8942167396254
142.81785810278427
124.93659781999665
145.14009969795148
137.47670243389965
150.71347952635284
150.4812553668361
153.5001694405535
164.41470493783945
151.64237616441972
175.56146459464213
143.74675474085115
112.86094152512707
126.56216693661369
110.07425161092641
118.66654551304514
106.35866505865886
110.77092408947658
103.10752682542474
102.87530266590802
99.85638859219063
87.54850813780433
103.57197514445818
86.61961149973745
107.75201001575918
86.61961149973745
114.25428648222741
87.54850813780433
120.75656294869565
88.94185309490467
84.52959406408695
118.66654551304514
89.17407725442139
123.77547702241303
96.60525035895651
124.23992534144648
104.03642346349163
119.59544215111202
96.60525035895651
117.27320055594481
89.17407725442139
116.80875223691136
134.690012519699
123.31102870337959
141.1922889861672
128.88440853178093
150.01680704780267
129.34885685081437
159.30577342847155
126.09771861758026
150.94570368586955
122.84658038434614
142.1211856242341
122.3821320653127
91.49631884958862
57.35936740063043
92.4252154876555
70.36392033356688
99.85638859219063
77.33064511906855
105.8942167396254
76.40174848100166
111.93204488706019
78.25954175713544
123.54325286289631
73.15061024776755
135.61890915776587
61.074953952897985
124.93659781999665
54.10822916739632
114.25428648222741
49.92819429609531
107.75201001575918
48.999297658028425
101.7141818683244
48.53484933899498
94.28300876378928
50.39264261512876
94.74745708282273
58.752712357730765
100.78528523025751
66.18388546226588
106.8231133776923
67.57723041936622
112.86094152512707
67.57723041936622
130.97442596743142
61.53940227193143
113.32538984416053
61.53940227193143
107.28756169672575
61.074953952897985
101.24973354929097
60.1460573148311
