66.12902584262748
145.21934075040997
68.24515466959157
126.17418130773325
71.94838011677871
107.65805407179755
76.70966997744789
89.14192683586185
83.05805645834012
72.21289622014922
93.1096683864195
56.34193001791862
104.74837693472193
42.05806043591108
119.03224651672947
28.832255267385584
134.90321271896008
24.599997613457425
151.8322433346727
27.774190853903544
167.7032095369033
38.88386719546496
182.51611132565185
51.58064015724944
194.1548198739543
66.92257415273902
201.56127076832857
83.85160476845165
206.32256062899776
102.89676421112837
211.61288269640795
122.4709558605461
214.25804373011306
142.57417971670486
74.06450894374278
151.03869502456118
83.58708866508114
160.03224253915852
97.87095824708868
162.1483713661226
112.68386003583724
158.97417812567647
125.38063299762172
152.62579164478424
145.48385685378048
153.6838560582663
160.29675864252903
159.5032103324175
175.6386926380186
161.09030695264056
190.45159442676717
157.91611371219443
201.03223856158755
148.39353399085607
135.96127713244212
140.9870830964818
135.4322449257011
128.29031013469734
135.4322449257011
115.06450496617182
135.4322449257011
101.83869979764633
122.20643975717559
96.0193455234951
128.02579403132683
93.37418448979001
134.90321271896008
90.72902345608492
141.78063140659333
92.84515228304899
148.65805009422658
94.96128111001308
89.93547514597338
140.45805088974078
98.3999904538297
146.277405163892
108.98063458865009
145.21934075040997
116.9161176897654
137.28385764929467
107.92257017516806
136.22579323581263
97.34192604034766
136.22579323581263
156.59353319534188
136.75482544255365
164.52901629645717
144.16127633692793
175.10966043127758
144.16127633692793
183.04514353239287
137.81288985603567
175.10966043127758
134.63869661558957
165.58708070993922
134.63869661558957
111.09676341561418
75.38708946059533
121.14837534369356
78.56128270104145
129.08385844480884
80.14837932126451
134.90321271896008
78.56128270104145
141.2515991998523
80.14837932126451
150.24514671444965
78.03225049430043
161.35482305601107
74.85805725385431
150.77417892119067
66.92257415273902
141.78063140659333
63.21934870555187
134.90321271896008
62.69031649881086
128.55482623806782
63.21934870555187
120.61934313695254
67.45160635948004
116.38708548302438
74.85805725385431
129.08385844480884
72.74192842689024
134.37418051221906
72.21289622014922
141.2515991998523
72.74192842689024
156.59353319534188
74.32902504711329
141.2515991998523
73.27096063363125
134.90321271896008
72.21289622014922
129.08385844480884
73.27096063363125
