51.12050963141664
140.0802200194211
54.12759843326468
120.53414280740884
57.635868702087386
100.98806559539659
60.64295750393543
81.94316985035903
66.6571351076315
63.9006370392708
77.6831273810743
48.86519303003061
91.71620845636515
36.33565635566379
108.25519686652936
26.31202701617033
125.79654821064291
23.30493821432229
143.33789955475646
27.314389950119676
159.375706497946
37.83920075658781
173.9099690402115
49.86755596397996
184.43477984667965
64.40181850624548
189.44659451642636
81.44198838338436
192.45368331827441
99.98570266144725
196.46313505407178
118.02823547253547
199.47022385591984
137.07313121757306
66.15595364065683
149.60266789193986
76.68076444712496
155.61684549563594
89.71148258846645
156.11802696261063
101.7398377958586
152.60975669378792
113.76819300325076
146.59557909009183
144.3402624887058
145.5932161561425
155.86743622912329
151.1062122928639
167.39460996954077
153.61211962773726
179.9241466439076
152.60975669378792
188.9454130494517
146.09439762311717
128.80363701249095
133.06367948177567
128.80363701249095
119.5317798734595
129.3048184794656
105.99988026514333
129.3048184794656
92.46798065682715
115.77291887114944
87.45616598708042
121.78709647484553
84.95025865220707
128.30245554551627
82.4443513173337
134.817814616187
85.45144011918174
140.33081075290843
87.45616598708042
82.69494205082104
133.06367948177567
91.71620845636515
138.0754941515224
101.7398377958586
137.57431268454772
109.2575598004787
130.05659067992764
100.23629339493459
129.0542277459783
90.21266405544112
129.0542277459783
146.84616982357917
129.55540921295295
154.86507329517394
136.57194975059838
164.3875211676927
137.07313121757306
172.40642463928748
132.06131654782632
165.38988410164208
128.5530462790036
155.86743622912329
128.05186481202892
97.22920459308655
71.41835904389089
109.2575598004787
74.42544784573893
119.78237060694683
75.92899224666296
127.8012740785416
74.42544784573893
136.32135901711104
76.43017371363763
145.84380688962983
75.92899224666296
156.36861769609797
72.92190344481492
147.34735129055383
59.39000383649874
137.32372195106038
52.874644765827995
128.30245554551627
51.87228183187865
119.28118913997216
52.874644765827995
108.25519686652936
58.3876409025494
102.24101926283328
69.91481464296687
119.28118913997216
68.41127024204286
127.8012740785416
68.41127024204286
136.32135901711104
69.4136331759922
151.35680302635123
71.41835904389089
136.82254048408572
63.39945557229613
128.30245554551627
62.397092638346784
119.78237060694683
62.898274105321455
