66.27988032316016
137.47897051405485
65.76206875813547
118.83775417316606
67.83331501823422
99.67872626725257
71.45799597340704
80.5196983613391
79.74298101380207
62.396293585474986
92.68827013941927
47.897569764783704
105.11574770001181
34.95228063916649
119.0966599556784
23.560426208623337
135.14881847144375
19.935745253450516
151.71878855223378
23.560426208623337
166.21751237292509
36.505715334240556
178.6449899335176
49.45100445985777
189.51903279903607
64.98535141059843
196.25058314435702
82.59094462143784
199.35745253450514
101.23216096232665
201.42869879460392
119.87337730321543
201.9465103596286
139.0324052091289
77.15392318867862
156.63799841996834
87.5101544891724
160.26267937514115
98.38419735469085
158.1914331150424
108.22261709015994
154.04894059484488
118.06103682562902
148.870824944598
147.0584844670116
148.3530133795733
159.48596202760413
154.04894059484488
170.87781645814727
157.6736215500177
182.7874824537151
157.6736215500177
193.14371375420887
152.49550589977082
132.5597606463203
135.9255358189808
132.5597606463203
123.49805825838826
133.077572211345
110.55276913277103
133.077572211345
98.12529157217851
118.57884839065372
93.4649874869563
125.82821030099936
90.35811809680818
133.5953837763697
87.76906027168474
140.32693412169064
90.35811809680818
147.57629603203628
93.4649874869563
87.5101544891724
136.96115894903016
95.27732796454272
141.62146303425237
105.11574770001181
141.10365146922766
112.36510961035745
134.88991268893142
103.56231300493774
133.33647799385733
94.24170483449335
133.85428955888202
153.27222324730786
134.37210112390673
161.55720828770288
140.06802833917828
170.87781645814727
140.58583990420297
178.6449899335176
135.9255358189808
171.91343958819664
132.81866642883264
162.59283141775225
132.81866642883264
102.52668987488836
73.27033645099345
113.40073274040682
78.44845210124033
124.79258717094997
80.00188679631441
133.5953837763697
77.93064053621565
142.91599194681407
80.5196983613391
153.79003481233255
79.48407523128971
165.18188924287568
74.82377114606751
155.3434695074066
61.36067045542561
143.95161507686345
55.146931675129345
134.11319534139437
53.59349698005528
124.79258717094997
54.62912011010466
112.88292117538214
60.32504732537623
106.66918239508587
72.75252488596877
124.79258717094997
73.78814801601814
133.5953837763697
73.27033645099345
142.91599194681407
74.30595958104283
160.5215851576535
74.30595958104283
143.43380351183876
61.8784820204503
134.11319534139437
59.807235760351546
124.79258717094997
60.84285889040092
