53.92750034066925
135.7566204228152
55.803239482953394
116.99922899997372
59.08578298195066
99.64864193384535
64.24406562323206
81.36018529657491
71.74702219236865
64.47853301601758
82.06358747493147
48.06581552103129
94.25589189977843
32.12203281161603
109.2618050380516
18.52292403005596
126.14345731860894
13.83357617434559
143.02510959916626
17.585054458913884
157.56208795186842
30.71522845490292
167.87865323443123
46.190076378747136
177.726283731423
63.540663444875506
185.22924030055958
81.36018529657491
189.44965337069894
100.11757671941639
192.7321968696962
118.87496814225787
194.60793601198034
138.5702291362414
59.554717767521694
138.5702291362414
68.93341347894243
143.7285117775228
80.65678311821836
143.25957699195177
92.38015275749427
139.97703349295452
104.1035223967702
134.81875085167312
133.1774791021745
134.81875085167312
145.83871831259248
141.38383784966763
158.96889230858153
145.13531613423592
172.09906630457056
143.7285117775228
181.94669680156233
136.69448999395726
119.10943553504339
123.0953812123972
119.10943553504339
110.90307678755023
119.57837032061443
97.77290279156121
119.57837032061443
85.1116635811432
108.32393546690953
79.9533809398618
114.42008767933301
77.60870701200662
120.98517467732754
75.73296786972247
127.08132688975101
77.60870701200662
132.70854431660345
79.9533809398618
76.43637004807903
126.37792471139446
84.40826140278665
130.5983377815338
94.72482668534947
130.12940299596275
101.75884846891502
124.03325078353927
93.78695711420738
121.21964207011305
83.47039183164458
121.21964207011305
138.80469652902693
123.0953812123972
146.77658788373458
129.6604682103917
157.09315316629738
129.6604682103917
165.53397930657604
124.97112035468135
158.03102273743946
120.28177249897098
147.71445745487665
120.28177249897098
101.75884846891502
53.22409816231269
109.2618050380516
59.78918516030721
116.29582682161717
63.540663444875506
121.92304424846961
62.133859088162396
128.01919646089308
64.00959823044654
136.92895738674278
60.727054731449286
145.36978352702144
53.69303294788373
138.3357617434559
46.190076378747136
129.89493560317723
42.90753287974988
123.32984860518272
41.96966330860781
117.23369639275924
42.43859809417884
109.73073982362264
45.25220680760506
105.97926153905435
53.22409816231269
116.7647616071882
55.568772090167876
122.39197903404065
55.09983730459684
128.48813124646412
56.03770687573891
141.1493704568821
53.69303294788373
128.95706603203516
53.22409816231269
122.86091381961168
52.28622859117062
117.23369639275924
52.755163376741656
