44.07351018357683
140.48431371015113
45.5760162125624
119.44922930435311
49.08186361352874
97.41247421256469
53.58938170048546
76.87822514976185
64.10692390338447
58.848152801934965
79.6328195362354
43.32225716908404
96.6612211980719
30.80137359420426
113.18878751691321
20.784666734300437
129.21551849275934
18.78132536231967
143.2389080966247
24.791349478261964
152.75477961353332
39.8164097681177
161.76981578744676
54.84147005797344
171.2856873043554
68.86485966183879
178.29738210628807
84.39075529468973
183.80657087923518
100.91832161353103
186.31074759421114
117.44588793237234
186.31074759421114
134.47428959420884
69.61611267633158
145.99350248309824
83.13866693720175
149.49934988406457
96.16038585507671
149.49934988406457
109.18210477295169
147.49600851208382
122.20382369082665
142.98849042512708
146.74475549759103
141.9868197391367
156.76146235749485
145.99350248309824
166.77816921739867
147.996843855079
176.29404073430732
150.00018522705977
184.30740622223036
145.99350248309824
135.22554260870163
131.46927753623768
136.7280486376872
118.44755861836272
137.72971932367759
104.42416901449737
139.23222535266316
90.9016147536272
120.20048231884589
84.89159063768491
128.71468314976414
82.38741392270896
136.7280486376872
79.883237207733
143.2389080966247
82.38741392270896
148.74809686957178
85.89326132367529
85.1420083091825
131.46927753623768
93.65620914010076
136.4776309661896
104.17375134299976
135.97679562319442
111.68628148792764
129.46593616425693
102.6712453140142
126.96175944928098
92.65453845411038
126.96175944928098
148.2472615265766
130.4676068502473
155.25895632850927
137.98013699517517
165.7764985314083
138.48097233817037
172.78819333334096
134.47428959420884
166.2773338744035
129.46593616425693
156.76146235749485
128.96510082126173
97.1620565410671
70.36736569082437
111.18544614493244
72.37070706280512
124.70800040580261
73.37237774879551
133.22220123672085
71.86987171980994
141.23556672464392
73.8732130917907
148.74809686957178
73.8732130917907
156.26062701449965
72.87154240580033
149.24893221256698
58.848152801934965
141.23556672464392
50.834787314011905
132.72136589372568
48.831445942031145
123.20549437681704
48.831445942031145
110.18377545894207
54.84147005797344
102.17040997101901
69.36569500483398
124.70800040580261
66.86151828985803
133.22220123672085
66.86151828985803
141.23556672464392
67.8631889758484
151.25227358454774
70.36736569082437
140.73473138164874
62.8548355458965
132.72136589372568
60.85149417391573
123.70632971981223
60.85149417391573
