63.06219108649221
127.42732000534997
64.62571648533086
110.22854061812481
66.1892418841695
93.02976123089967
67.75276728300817
76.35215697662073
73.48569374541654
60.71690298823424
84.95154667023331
48.729874930471254
100.58680065861981
39.86989767038557
117.26440491289874
32.57344580913854
135.50553456601634
29.967570144407457
152.18313882029526
31.531095543246106
166.77604254278933
38.82754740449314
179.28424573349852
48.208699797525036
188.66539812653042
60.19572785528802
193.35597432304638
75.83098184367452
195.96184998777744
92.50858609795345
198.56772565250853
109.7073654851786
200.1312510513472
127.42732000534997
76.61274454309384
152.96490151971457
87.03624720201817
160.26135338096162
100.0656255256736
161.82487877980026
113.095003849329
159.21900311506917
125.08203190709199
154.52842691855324
145.40786209199445
155.57077718444566
157.91606528270364
160.26135338096162
170.42426847341284
162.34605391274647
183.45364679706825
160.26135338096162
192.83479919010014
152.44372638676836
136.02670969896255
142.54139886079025
137.06905996485497
132.63907133481214
137.59023509780118
122.73674380883402
138.63258536369364
112.8344162828559
124.56085677414578
100.84738822509291
130.81495836950037
99.28386282625426
136.54788483190876
97.72033742741561
141.75963616137093
98.76268769330805
147.4925626237793
99.80503795920049
88.59977260085682
137.32964753132808
96.41739959505007
140.9778734619516
105.79855198808198
141.4990485948978
113.61617898227523
136.80847239838187
105.27737685513576
135.2449469995432
96.41739959505007
134.723771866597
154.26783935208013
136.28729726543565
163.12781661216582
140.45669832900538
171.9877938722515
139.93552319605917
179.80542086644473
135.76612213248944
171.9877938722515
133.16024646775836
163.12781661216582
133.68142160070457
108.92560278575928
73.74628131188965
119.87028057762983
81.56390830608291
129.2514329706617
86.25448450259886
136.02670969896255
84.6909591037602
142.28081129431715
86.25448450259886
149.57726315556417
81.04273317313668
158.43724041564985
72.70393104599722
149.57726315556417
68.53452998242749
142.28081129431715
67.49217971653505
135.50553456601634
67.49217971653505
128.2090827047693
68.01335484948127
119.3491054446836
69.0557051153737
113.61617898227523
73.74628131188965
128.7302578377155
77.39450724251317
136.02670969896255
77.39450724251317
141.75963616137093
77.39450724251317
153.22548908618768
73.74628131188965
141.75963616137093
77.91568237545938
135.50553456601634
77.39450724251317
128.7302578377155
77.91568237545938
