57.879586465458175
129.48062661884825
58.87751037003504
110.52007243188781
61.3723201314772
91.55951824492738
65.36401574978466
73.09792601025536
71.35155917724585
56.63218158473709
82.32872212759136
42.66124692066098
96.29965679166747
31.684083970315466
112.26643926489731
22.70276882912368
128.23322173812716
19.708997115393085
144.200004211357
22.70276882912368
160.16678668458684
31.684083970315466
174.13772134866295
42.66124692066098
185.11488429900848
56.63218158473709
191.10242772646967
73.5968879625438
195.09412334477713
92.0584801972158
198.58685701079614
110.52007243188781
201.08166677223832
128.98166466655982
66.36193965436152
145.94637104436651
75.84221674784175
152.93183837640458
87.81730360276413
153.92976228098144
99.79239045768651
150.93599056725085
110.76955340803202
145.4474090920781
143.70104225906857
145.4474090920781
155.17716716170253
150.93599056725085
166.65329206433645
153.430800328693
178.62837891925884
151.9339144718277
187.1107321081622
145.4474090920781
127.23529783355029
131.9754363802904
126.73633588126187
120.49931147765646
126.23737392897343
109.52214852731095
126.23737392897343
98.54498557696543
115.26021097862791
91.55951824492738
120.74879245380068
89.0647084834852
126.23737392897343
86.56989872204305
132.72387930872304
88.56574653119678
138.2124607838958
91.06055629263894
82.8276840798798
130.97751247571355
91.31003726878315
135.96713199859786
101.2892763145518
134.969208094021
108.7737055988783
127.48477880969452
99.79239045768651
126.98581685740608
90.31211336420628
127.48477880969452
146.19585202051073
127.48477880969452
154.17924325712565
134.969208094021
163.65952035060587
135.46817004630944
171.6429115872208
130.4785505234251
164.65744425518272
127.48477880969452
155.67612911399095
126.48685490511765
97.79654264853278
71.60104015339007
108.7737055988783
75.59273577169753
119.75086854922381
77.08962162856282
127.23529783355029
75.59273577169753
135.21868907016523
77.08962162856282
147.1937759250876
75.59273577169753
159.6678247322984
71.10207820110163
148.69066178195288
57.630105489313955
136.7155749270305
52.64048596642963
127.73425978583873
51.642562061852765
119.75086854922381
52.1415240141412
108.27474364658985
58.12906744160239
102.28720021912866
70.60311624881321
119.75086854922381
71.10207820110163
127.23529783355029
70.10415429652477
135.71765102245365
71.10207820110163
155.67612911399095
70.10415429652477
136.21661297474208
61.12283915533298
127.73425978583873
60.12491525075612
119.75086854922381
61.12283915533298
