55.01294474912872
135.51353821230333
56.52706249451759
115.8300075222481
59.55529798529531
96.65118274732248
62.58353347607304
76.96765205726724
70.15412220301737
58.29353319747126
83.27647599638752
42.14294391332338
99.4270652805354
28.011178289693984
117.59647822520176
16.907648156842313
134.7564793396089
13.374706750934966
150.40236270862715
18.9264718173608
163.52471650199732
33.0582374409902
175.63765846510822
48.199414894878835
185.22707085257102
63.8452982638971
190.27413000386724
81.51000529343384
192.29295366438572
99.17471232297059
193.30236549464496
116.83941935250733
192.79765957951534
134.5041263820441
69.64941628788775
143.58883285437727
79.23882867535055
150.65471566619198
91.35177063846146
152.67353932671045
103.96941851670199
150.65471566619198
116.0823604798129
145.10295059976613
145.86000947246055
145.10295059976613
156.96353960531223
149.6453038359327
168.0670697381639
151.66412749645121
179.17059987101555
151.1594215813216
187.75060042821912
145.10295059976613
131.72824384883117
131.98059680639597
132.7376556790904
118.85824301302581
133.74706750934965
105.73588921965566
134.7564793396089
92.61353542628551
119.61530188572026
88.07118219011892
126.17647878240533
85.5476526144708
133.24236159422003
82.01471120856347
139.8035384909051
85.5476526144708
144.8505976422013
89.08059402037816
86.30471148716525
131.98059680639597
93.87530021410956
137.0276559576922
103.46471260157237
136.01824412743295
111.54000724364631
129.9617731458775
102.45530077131312
128.44765540048863
93.37059429897994
128.95236131561825
148.8882449632383
129.9617731458775
156.45883369018262
136.52295004256257
166.04824607764542
137.5323618728218
173.61883480458974
132.9900086366552
167.05765790790466
129.45706723074787
157.97295143557147
128.95236131561825
94.88471204436881
72.42529882110065
109.0164776679982
75.45353431187839
121.63412554623874
75.45353431187839
131.22353793370155
73.93941656648953
140.81295032116435
75.958240227008
151.916480454016
76.46294614213762
162.51530467173805
73.43471065135991
153.9353041145345
59.3029450277305
142.83177398168283
52.741768131045426
132.7376556790904
51.22765038565656
122.13883146136835
51.732356300786186
108.51177175286858
57.78882728234164
99.4270652805354
70.9111810757118
121.63412554623874
69.90176924545256
131.22353793370155
69.39706333032294
141.31765623629397
70.9111810757118
158.4776573507011
72.42529882110065
141.8223621514236
61.32176868824899
132.2329497639608
59.3029450277305
121.63412554623874
60.31235685798975
