38.45358266945697
113.69917344857956
40.82726061201604
94.70974990810697
43.20093855457511
77.14453313316984
47.94829443969326
60.05405194674452
56.018799444394105
43.91304193734283
67.88718915718947
31.095181047523845
84.02819916659115
20.650998100263926
102.54288711855192
13.529964272586712
119.63336830497724
13.055228684074896
135.2996427258671
16.378377803657596
150.01644596973335
24.448882808358444
163.78377803657597
33.468858990082914
174.22796098383589
46.76145546841372
179.45005245746586
62.4277298893036
182.29846598853675
79.04347548721711
183.24793716556036
96.13395667364242
183.24793716556036
114.17390903709136
62.6650976835595
134.1128037545876
72.15980945379579
141.70857317077662
85.4524059321266
145.98119346738292
99.69447358748103
145.50645787887112
112.03759888878821
140.75910199375298
129.60281566372535
141.23383758226478
140.04699861098527
146.93066464440656
152.39012391229244
148.354871409942
163.78377803657597
144.5569867018475
170.9048118642532
135.537010520123
121.05757507051268
123.66862080732766
122.00704624753631
114.64864462560318
122.95651742455993
105.62866844387871
124.38072419009538
96.60869226215424
112.51233447730002
80.46768225275254
117.73442595092997
79.99294666424073
122.95651742455993
79.51821107572891
127.22913772116627
80.46768225275254
131.5017580177726
81.41715342977618
77.38190092742575
117.02232256816225
84.97767034361478
121.7696784532804
94.47238211385107
122.24441404179221
101.11868035301647
117.49705815667407
93.99764652533926
114.17390903709136
84.50293475510297
114.17390903709136
136.72384949140255
118.92126492220952
143.37014773056796
123.66862080732766
151.9153883237806
124.14335639583948
158.08695097443422
118.92126492220952
151.9153883237806
116.07285139113863
143.84488331907977
116.07285139113863
98.7450024104574
51.98354694204368
107.76497859218188
61.95299430079178
117.73442595092997
67.17508577442175
123.43125301307175
65.7508790088863
128.1786088981899
67.64982136293355
136.24911390289074
63.377201066327224
142.42067655354433
53.407753707579126
135.2996427258671
49.13513341097279
128.1786088981899
46.76145546841372
122.95651742455993
45.33724870287828
117.25969036241817
45.81198429139009
108.2397141806937
47.71092664543735
103.49235829557554
53.407753707579126
117.73442595092997
59.57931635823271
122.95651742455993
59.57931635823271
128.1786088981899
60.05405194674452
138.148056256938
54.83196047311456
128.1786088981899
55.30669606162638
122.95651742455993
54.35722488460275
117.25969036241817
54.83196047311456
