45.49827770291791
138.7447479402167
45.99825877657635
117.74554284656229
47.49820199755167
96.24635667924943
50.998069513160736
74.74717051193657
60.49770991267107
56.74785186023278
75.99712319608267
41.748419650479626
92.99647970046958
29.748873882677096
112.49574157314869
21.74917670414208
129.4950980775356
21.74917670414208
143.49456813997188
27.74894958804334
152.49422746582377
41.748419650479626
160.99390571801723
56.247870786574346
168.99360289655226
70.74732192266906
174.49339470679507
86.24673520608066
178.4932432960626
101.74614848949226
178.99322436972102
117.24556177290386
177.99326222240416
132.244993982657
71.49729353315672
145.24450189777642
83.99682037461768
149.74433156070236
96.9963282897371
149.74433156070236
109.99583620485649
147.24442619241017
122.49536304631745
141.74463438216733
148.99435995021472
143.24457760314266
157.49403820240815
148.74436941338547
165.9937164546016
152.74421800265299
175.49335685411194
155.74410444460364
182.4930918853301
151.74425585533612
135.9948520350953
129.24510754070639
136.99481418241217
116.24559962558698
138.99473847704593
103.24609171046757
140.49468169802125
89.74660272168973
121.49540089900059
86.24673520608066
128.99511700387717
83.74682983778847
136.99481418241217
81.24692446949628
142.99458706631344
83.74682983778847
148.49437887655625
87.24669735339754
85.99674466925144
130.74505076168168
94.99640399510334
134.24491827729076
103.99606332095523
133.74493720363233
111.99576049949025
128.2451453933895
102.99610117363835
126.74520217241418
93.99644184778646
127.24518324607263
147.4944167292394
130.24506968802325
154.99413283411596
136.74482364558295
163.49381108630942
137.74478579289985
169.99356504386913
134.24491827729076
164.4937732336263
130.74505076168168
156.49407605509128
129.74508861436482
93.99644184778646
72.24726514364438
111.49577942583181
72.74724621730282
125.99523056192653
73.7472083646197
133.99492774046155
72.74724621730282
141.49464384533812
74.74717051193657
148.99435995021472
75.247151585595
155.4941139077744
75.247151585595
148.99435995021472
58.747776154866536
140.99466277167969
51.24806004998996
132.99496559314466
49.2481357553562
123.99530626729278
49.2481357553562
109.49585513119806
55.24790863925747
98.4962715107124
70.24734084901063
125.99523056192653
68.24741655437687
133.99492774046155
68.24741655437687
140.99466277167969
69.74735977535218
150.99428424484844
72.24726514364438
140.99466277167969
60.74770044950029
133.49494666680312
58.247795081208096
124.99526841460965
58.247795081208096
