77.6211607566794
156.10477885509968
79.34607544016116
137.70568889796087
82.79590480712469
119.88157050198262
86.82070573524881
103.20739522832557
93.14539290801528
87.1081915158291
103.49488100890586
72.7339024868144
116.71922691559939
60.08452814128146
131.0935159446141
50.31001160155146
147.76769121827115
47.43515379574852
165.0168380530888
50.31001160155146
179.96609864326408
60.08452814128146
192.61547298879702
72.7339024868144
202.38998952852702
87.68316307698969
208.1397051401329
104.35733835064674
212.16450606825703
121.6064851854644
216.18930699638113
138.85563202028203
218.4891932410235
157.25472197742084
84.52081949060646
168.7541532006326
94.29533603033646
175.65381193455968
107.51968193702997
175.0788403733991
120.16905628256292
171.62901100643555
132.81843062809585
165.87929539482968
165.0168380530888
164.1543807113479
177.09124083746113
169.3291247617932
189.74061518299408
172.77895412875674
202.96496108968762
173.9288972510779
213.88942075173878
168.7541532006326
148.34266277943175
150.93003480465438
148.34266277943175
137.70568889796087
148.34266277943175
124.48134299126733
148.34266277943175
111.2569970845738
134.5433453115776
105.50728147296792
141.44300404550467
102.63242366716499
148.34266277943175
100.33253742252263
155.2423215133588
102.63242366716499
162.14198024728586
105.50728147296792
97.17019383613939
152.65494948813614
105.79476725354822
157.25472197742084
116.71922691559939
156.10477885509968
126.4937434553294
148.63014856001203
115.56928379327822
147.48020543769084
104.64482413122704
147.48020543769084
170.19158210353407
148.63014856001203
179.39112708210348
154.9548357327785
190.31558674415467
156.10477885509968
198.94016016156348
152.07997792697554
191.46552986647583
146.90523387653027
180.54107020442467
146.33026231536968
122.46894252720527
84.23333371002616
133.39340218925645
87.1081915158291
142.01797560666526
89.98304932163204
148.91763434059231
88.25813463815028
155.2423215133588
89.98304932163204
163.86689493076761
87.68316307698969
174.2163830316582
84.23333371002616
164.4418664919282
77.3336749760991
155.81729307451937
73.88384560913558
148.91763434059231
73.30887404797498
141.44300404550467
73.88384560913558
132.81843062809585
77.3336749760991
127.64368657765057
83.65836214886558
142.01797560666526
84.23333371002616
148.91763434059231
83.65836214886558
155.2423215133588
84.23333371002616
169.0416389812129
83.65836214886558
155.2423215133588
83.65836214886558
148.91763434059231
83.08339058770498
142.01797560666526
83.65836214886558
