73.22312805024744
120.15473025694966
71.74883688145052
104.42895778978243
73.22312805024744
88.21175493301621
77.15457116703925
72.97741285544795
81.08601428383106
58.725931557077644
87.47460934861775
44.96588064830632
95.33749558220137
32.680120908331915
106.14896415337884
21.868652337154437
121.3833062309471
17.93720922036263
138.58336986691126
19.902930778758535
155.78343350287543
26.782956233144198
171.50920597004267
36.61156402512372
184.77782648921502
48.89732376509812
192.64071272279864
64.62309623226535
197.0635862291894
82.80602064742747
199.5207381771843
100.9889450625896
201.4864597355802
119.66329986735069
75.68027999824233
143.25195856810154
81.57744467343004
151.11484480168517
90.42319168621161
154.554857528878
100.7432298677901
155.04628791847696
109.58897688057168
151.11484480168517
136.12621791891638
151.60627519128414
148.90340804848975
156.5205790872739
162.17202856766212
157.01200947687286
173.96635791803755
152.5891359704821
182.81210493081912
143.74338895770052
122.85759739974404
133.42335077612202
121.3833062309471
124.57760376334045
119.4175846725512
116.22328714015785
117.45186311415529
107.37754012737628
108.60611610137373
94.10891960820393
114.01185038696246
93.12605882900597
119.4175846725512
91.16033727061007
126.78904051653583
92.634628439407
134.16049636052048
93.61748921860494
85.01745740062287
127.52618610093431
91.40605246540956
132.44048999692407
99.76036908859216
131.9490596073251
108.11468571177474
126.05189493213737
99.76036908859216
125.5604645425384
91.40605246540956
125.06903415293942
143.9891041525
128.01761649053327
151.85199038608363
133.914781165721
160.6977373988652
134.40621155531997
169.0520540220478
129.4919076593302
161.68059817806315
127.52618610093431
152.83485116528158
127.03475571133532
97.30321714059727
68.06310895945819
104.18324259498294
77.40028636183874
112.53755921816553
81.82315986822952
118.92615428295223
80.3488686994326
126.29761012693686
80.84029908903157
138.09193947731228
76.41742558264079
149.88626882768773
67.08024818026024
139.07480025651023
53.81162766108788
127.28047090613481
48.89732376509812
119.4175846725512
48.40589337549915
112.04612882856655
49.388754154697104
103.69181220538397
54.79448844028584
101.23466025738908
68.06310895945819
113.02898960776452
73.9602736346459
119.4175846725512
73.9602736346459
126.78904051653583
73.46884324504693
145.46339532129693
67.08024818026024
126.78904051653583
59.7087923362756
118.92615428295223
59.7087923362756
112.53755921816553
60.69165311547355
