31.07550974515942
133.92064913985368
34.03508210184127
112.71038058363376
37.98117857741707
91.99337408686081
44.39358535022774
72.7561537684288
56.23187477695514
56.478505806678626
73.49604685759925
42.17390608271636
92.2400051165843
30.335616655988957
110.98396337556935
20.963637526496434
127.7548733967665
20.470375467049458
140.57968694238784
27.376044299307107
149.4584040124334
44.14695432050425
158.33712108247894
58.451554044466526
167.70910021197147
72.7561537684288
174.12150698478214
87.55401555183805
178.5608655198049
102.3518773352473
178.06760346035793
117.14973911865654
176.09455522257005
130.96107678317185
61.164495371424884
137.8667456154295
73.98930891704623
145.7589385665811
89.77369481934943
147.73198680436897
106.0513427810996
145.7589385665811
121.8357286834028
141.3195800315583
144.03252135851668
143.7858903287932
153.4045004880092
149.70503504215688
162.7764796175017
153.15786945828572
172.6417208064412
155.1309176960736
178.06760346035793
149.2117729827099
133.6740181101302
130.46781472372487
136.63359046681205
117.64300117810352
139.59316282349388
104.81818763248216
142.55273518017574
91.99337408686081
119.8626804456149
88.54053967073199
129.23465957510743
85.08770525460316
137.620114585706
81.63487083847434
145.01904547741063
85.58096731405014
150.44492813132734
90.5135879085199
81.38823980875085
126.02845618870208
90.76021893824338
129.9745526642779
101.11872218662985
131.4543388426188
108.0243910188875
127.01498030759603
100.62546012718288
124.54867001036116
90.76021893824338
124.05540795091419
144.52578341796365
129.9745526642779
152.91123842856223
135.4004353181946
161.29669343916078
136.88022149653554
167.2158381525245
133.92064913985368
162.28321755805473
129.9745526642779
154.39102460690313
129.48129060483092
90.76021893824338
73.24941582787577
108.51765307833448
77.19551230345157
124.79530104008465
78.18203642234552
134.66054222902414
77.19551230345157
142.55273518017574
79.16856054123947
149.4584040124334
80.64834671958039
154.8842866663501
80.15508466013343
148.96514195298641
63.38417463893627
141.5662110612818
53.0256713905498
132.19423193178926
50.06609903386795
121.8357286834028
50.06609903386795
106.0513427810996
55.98524374723165
94.70631541381918
73.24941582787577
124.30203898063768
73.24941582787577
134.16728016957717
72.26289170898183
142.55273518017574
74.7292020062167
149.95166607188037
77.19551230345157
141.5662110612818
63.87743669838325
132.68749399123624
59.93134022280745
122.82225280229675
59.43807816336047
