50.6080838446123
153.63168309971593
51.124492863434874
133.4917313656355
54.7393559951929
113.3517796315551
58.870628145773495
94.24464593511985
67.64958146575727
77.20314831397489
81.07621595514419
61.19446873047508
96.05207750099886
47.767834241088146
112.57716610332125
36.923244845814075
128.06943666799847
35.374017789346354
141.49607115738542
39.50528993992695
152.34066055265947
51.38269737284617
163.18524994793356
63.77651382458795
172.99702130556247
76.68673929515232
180.74315658790107
91.1461918221844
186.94006481377198
106.63846238686163
190.0385189267074
122.64714197036145
191.07133696435258
138.65582155386124
70.74803557869271
152.0824560432482
83.65826104925708
155.18091015618364
98.63412259511173
153.11527408089336
112.06075708449868
148.98400193031276
125.4873915738856
143.81991174208702
152.85706957148204
143.81991174208702
163.18524994793356
148.98400193031276
173.51343032438504
153.63168309971593
183.84161070083653
156.73013721265136
192.10415500199773
152.59886506207076
138.91402606327256
131.9425043091678
138.91402606327256
118.51586981978085
139.43043508209513
104.57282631157133
139.43043508209513
91.1461918221844
123.93816451741789
88.04773770924895
130.65148176211136
85.46569261513608
137.36479900680482
82.36723850220064
143.56170723267573
84.9492835963135
147.6929793832563
88.56414672807153
87.78953319983766
137.6230035162161
96.56848651982143
140.72145762915156
106.89666689627292
139.68863959150642
113.60998414096639
133.4917313656355
104.83103082098263
131.9425043091678
95.0192594633537
132.97532234681293
153.88988760912721
134.00814038445807
161.11961387264324
141.23786664797413
170.93138523027216
141.7542756667967
178.1611114937882
139.17223057268384
171.96420326791733
134.00814038445807
163.18524994793356
132.97532234681293
107.4130759150955
68.9406040128137
118.77407432919213
70.48983106928142
128.58584568682105
72.55546714457172
134.78275391269196
70.48983106928142
140.46325311974027
73.0718761633943
146.66016134561116
72.03905812574915
152.85706957148204
71.006240088104
147.17657036443373
61.71087774929765
140.97966213856284
57.06319657989449
134.2663448938694
56.03037854224934
127.03661863035333
56.03037854224934
117.74125629154699
59.64524167400736
112.06075708449868
67.39137695634598
128.06943666799847
65.84214989987825
134.78275391269196
65.84214989987825
140.97966213856284
66.8749679375234
148.72579742090147
68.9406040128137
140.97966213856284
67.39137695634598
134.78275391269196
65.84214989987825
128.06943666799847
65.84214989987825
