80.11972075051455
124.38339363428648
78.63602221809761
110.53554066506175
78.63602221809761
96.687687695837
83.08711781534842
83.33440090408457
89.51647812248848
70.47568028980446
98.41866931699009
57.61695967552435
106.8262943340194
44.75823906124424
114.73935317357639
30.910386092019504
126.60894143291188
24.975591962351757
141.94049293455356
24.481025784879446
160.7340076785014
31.404952269491815
179.03295624497696
43.2745405288273
195.35364010156326
57.12239349805204
207.71779453837107
73.93764353211066
216.61998573287266
93.22572445353082
222.0602136850681
113.99750390736793
225.02761074990198
135.26384953867733
78.1414560406253
146.63887162054053
83.08711781534842
153.06823192768059
91.00017665490542
152.07909957273594
99.90236784940703
149.6062686853744
108.30999286643633
145.15517308812358
125.61980907796726
148.12257015295745
141.44592675708125
153.06823192768059
157.76661061366755
154.5519304600975
173.59272829278152
151.08996721779133
186.94601508453394
144.66060691065127
118.20131641588257
130.31818776395423
116.71761788346564
117.45946714967411
114.73935317357639
104.600746535394
112.76108846368714
91.74202592111388
107.32086051149172
85.31266561397382
111.77195610874251
82.34526854913996
117.21218406093796
80.86157001672302
124.13611054555032
82.34526854913996
131.554603207635
83.33440090408457
85.55994870270999
131.30732011889884
91.49474283237772
136.7475480710943
100.39693402687935
135.75841571614964
107.81542668896402
127.35079069912035
99.40780167193472
126.85622452164803
90.50561047743311
127.35079069912035
141.44592675708125
126.36165834417572
149.85355177411054
134.27471718373272
159.74487532355678
134.76928336120503
169.63619887300302
129.32905540900958
161.22857385597374
125.37252598923111
150.84268412905516
124.87795981175879
104.35346344665784
69.98111411233215
109.29912522138096
68.99198175738753
114.73935317357639
68.99198175738753
119.68501494829951
67.5082832249706
126.11437525543957
68.99198175738753
138.97309586971969
67.5082832249706
154.79921354883368
68.0028494024429
139.467662047192
58.60609203046898
126.60894143291188
54.64956261069048
119.68501494829951
54.64956261069048
114.73935317357639
55.6386949656351
109.79369139885327
61.07892291783054
107.32086051149172
67.01371704749828
115.2339193510487
65.03545233760903
120.17958112577182
64.04631998266441
126.60894143291188
64.04631998266441
150.84268412905516
67.01371704749828
126.11437525543957
63.5517538051921
119.68501494829951
63.5517538051921
114.73935317357639
65.03545233760903
