71.8103897903128
125.41884050183103
70.31434000301462
108.96229284155102
72.80775631517825
93.00442844370373
76.29853915220735
76.54788078342371
80.7866885141019
60.0913331231437
87.26957092572736
45.62951851259459
97.24323617438192
32.66375368934367
110.20900099763284
22.690088440689113
125.16949887061467
19.19930560366002
142.12472979332742
20.196672128525474
158.0825941911747
27.67692106501639
171.0483590144256
39.64531936340186
182.01939078794564
54.107133973950965
189.99832298686928
70.06499837179825
194.98515561119655
87.51891255694372
197.97725518579293
105.47151000452192
197.97725518579293
123.92279071453285
74.80248936490916
149.8543203610347
82.28273830140009
154.84115298536196
91.75772028762191
155.3398362477947
101.73138553627646
153.84378646049652
110.70768426006556
149.8543203610347
139.13263021873104
149.35563709860196
149.60497872981833
154.34246972292925
160.57601050333835
156.83588603509287
172.04572553929108
155.83851951022743
182.51807405037837
151.35037014833287
123.67344908331648
131.9017229134565
123.17476582088376
116.94122504047466
121.67871603358557
101.98072716749283
120.68134950872012
87.51891255694372
111.2063675224983
82.03339667018372
116.19320014682557
79.04129709558735
122.17739929601831
76.54788078342371
129.15896497007648
79.04129709558735
135.64184738170195
81.03603014531826
84.77615461356372
131.40303965102376
91.75772028762191
136.38987227535105
100.73401901141101
135.89118901291832
107.7155846854692
129.40830660129285
99.73665248654555
127.91225681399467
91.25903702518919
127.91225681399467
145.6155126303565
129.40830660129285
153.59444482928015
136.38987227535105
162.07206029063653
137.3872388002165
169.55230922712744
132.40040617588923
163.06942681550197
128.90962333886011
154.09312809171288
128.90962333886011
99.23796922411283
62.08606617287461
108.21426794790193
63.58211596017279
117.19056667169103
65.07816574747098
123.17476582088376
63.58211596017279
130.15633149494195
65.07816574747098
140.62868000602924
63.083432697740065
153.09576156684741
62.58474943530734
140.62868000602924
53.10976744908551
130.15633149494195
50.11766787448914
123.17476582088376
49.618984612056416
116.19320014682557
50.11766787448914
108.21426794790193
53.60845071151824
102.72875206114192
61.088699648009154
116.6918834092583
59.09396659827824
123.17476582088376
58.09660007341279
130.15633149494195
58.595283335845515
149.1062954673856
61.088699648009154
130.15633149494195
58.595283335845515
123.17476582088376
58.09660007341279
116.6918834092583
58.595283335845515
