52.03405938029955
126.66185507046602
48.83898555870221
107.94785125825302
46.55678997184697
88.32096921129794
48.382546441331165
69.15052628171388
55.68557231926795
51.34940070424298
66.18367201880207
36.286909830998376
78.96396730519143
22.593736309866912
94.02645817843604
11.182758375590694
111.3711446385359
7.531245436622304
128.71583109863573
11.182758375590694
142.40900461976722
23.50661454460901
154.27642167141448
36.74334894836942
163.40520401883543
51.34940070424298
170.25179077940118
67.32476981222969
173.4468646009985
84.66945627232954
173.4468646009985
102.01414273242939
171.16466901414327
118.44595095778715
72.1173805446257
141.72434594371063
79.87684553993353
150.39668917376056
90.8313843568387
152.22244564324475
101.78592317374387
150.39668917376056
110.91470552116485
144.91941976530796
135.10597874183043
143.55010241319482
145.1476393239935
147.65805446953425
154.73286078878553
149.02737182164742
163.86164313620648
146.74517623479215
167.96959519254594
137.6163938873712
123.23856169018316
125.29253771835288
123.69500080755421
113.42512066670561
124.15143992492526
102.47058184980044
124.6078790422963
91.05960391552422
104.9809969953412
83.75657803758745
112.74046199064904
81.01794333336115
121.41280522069896
77.36643039439276
130.08514845074887
79.648625981248
137.38817432868566
82.38726068547429
84.44123671364402
124.83609860098183
90.8313843568387
128.03117242257917
98.13441023477547
127.57473330520811
104.52455787797015
123.46678124886868
98.13441023477547
122.55390301412659
90.8313843568387
123.01034213149764
136.93173521131462
121.64102477938448
144.2347610892514
125.29253771835288
151.08134784981712
125.74897683572392
155.64573902352763
121.64102477938448
151.08134784981712
120.27170742727134
144.2347610892514
120.27170742727134
84.89767583101506
62.30393952114815
99.04728846951757
64.12969599063234
111.82758375590694
63.673256873261295
119.58704875121477
61.39106128640606
126.89007462915154
63.21681775589025
136.47529609394357
60.934622169035
145.1476393239935
57.73954834743766
134.19310050708833
42.677057474193056
124.15143992492526
37.19978806574047
115.47909669487532
36.286909830998376
106.8067534648254
37.65622718311152
94.93933641317814
45.41569217841935
89.9185061220966
60.934622169035
110.91470552116485
58.19598746480871
119.13060963384372
57.283109230066614
126.4336355117805
57.73954834743766
140.583248150283
56.82667011269557
124.6078790422963
47.697887765274594
116.84841404698848
46.328570413161444
108.6325099343096
47.697887765274594
