52.90804323824946
139.97516293614544
53.935383883652364
119.94202035078884
57.017405819861075
100.4225480881337
61.12676840147268
81.41674614818
68.318152919293
63.951955176330664
82.18725163223218
48.54184549528713
98.11103163597716
36.72742807315375
116.08949293052795
25.42668097372183
133.55428390237728
22.858329360214576
148.96439358342082
27.481362264527636
162.31982197365855
40.323120332063915
174.13423939579192
52.65120807689874
183.8939755271195
66.52030678983792
189.03067875413402
82.95775711628436
192.1127006903427
100.4225480881337
195.19472262655142
117.88733905998303
196.73573359465578
135.86580035453383
70.88650453280026
148.19388809936865
81.67358130953073
155.38527261718897
95.02900969976845
156.9262835852933
108.38443809000619
153.84426164908461
121.22619615754246
147.6802177766672
149.99173422882373
145.6255364858614
161.29248132825566
150.7622397128759
172.59322842768756
153.33059132638314
184.40764584982094
152.8169210036817
192.1127006903427
146.13920680856285
136.636305838586
136.37947067723528
136.636305838586
124.05138293240044
137.66364648398888
111.72329518756561
138.17731680669036
99.3952074427308
123.28087744834826
92.20382292491047
129.95859164346714
90.66281195680612
136.636305838586
88.60813066600032
142.8003497110034
90.66281195680612
147.42338261531646
93.74483389301483
87.32395485924668
135.35213003183236
95.54268002246991
140.48883325884688
105.30241615379748
139.46149261344397
113.52114131702069
132.27010809562367
104.27507550839458
131.24276745022075
94.51533937706701
131.7564377729222
152.56008584233098
132.27010809562367
160.26514068285275
139.46149261344397
170.02487681418032
139.97516293614544
177.72993165470209
135.35213003183236
171.05221745958323
131.24276745022075
161.8061516509571
131.24276745022075
104.27507550839458
72.68435066225533
117.11683357593085
75.25270227576259
128.41758067536279
76.79371324386695
136.12263551588455
75.76637259846405
143.31402003370485
77.82105388926985
152.04641551962953
77.82105388926985
161.8061516509571
75.76637259846405
154.10109681043534
61.89727388552486
144.8550310018092
55.219559690405994
137.14997616128744
53.67854872230164
128.93125099806423
53.67854872230164
117.11683357593085
58.81525194931615
109.41177873540909
71.65701001685242
128.41758067536279
71.14333969415098
136.12263551588455
71.14333969415098
143.31402003370485
72.68435066225533
156.66944842394258
74.22536163035969
144.34136067910777
66.00663646713647
136.636305838586
63.951955176330664
128.93125099806423
63.951955176330664
