26.14483378203141
123.09859239039788
27.016328241432458
102.61847259447327
30.066558849336122
83.00984725794973
36.60276729484397
64.70846361052774
47.49644803735706
49.02156334130889
62.31185384717486
35.51339922059267
77.9987541163937
23.74822401867853
94.99289607471412
12.854543276165442
110.24404911423244
10.675807127662825
121.13772985674552
17.212015573170678
128.54543276165444
32.02742138298848
134.64589397746175
46.842827192806276
141.18210242296962
60.786738543223024
147.28256363877694
75.1663971233403
152.94727762488375
89.11030847375706
155.12601377338635
103.0542198241738
153.38302485458428
117.43387840429108
55.33989817196648
133.12077867350993
66.23357891447957
139.65698711901777
79.30599580549527
141.39997603781987
92.37841269651098
139.22123988931725
105.01508235782616
134.4280203626115
128.98117999135496
136.1710092814136
136.82463012596438
142.70721772692144
145.1038274902743
147.0646900239267
152.0757831654827
148.37193171302826
156.43325546248792
143.14296495662197
117.65175201914134
116.99813117459055
119.39474093794344
104.7972087429759
121.57347708644605
92.59628631136124
123.75221323494867
80.39536387974658
105.01508235782616
72.98766097483768
112.42278526273506
70.80892482633507
119.83048816764396
68.63018867783245
126.36669661315182
71.24467205603558
131.15991613985756
75.1663971233403
71.02679844118533
114.38364779638742
81.04898472429737
118.30537286369213
90.19967654800836
118.74112009339265
96.73588499351621
112.64065887758532
89.32818208860732
110.4619227290827
79.7417430351958
110.89766995878323
127.67393830225338
114.81939502608793
135.5173884368628
121.79135070129631
143.36083857147221
123.97008684979893
148.15405809817798
121.35560347159578
144.6680802605738
116.1266367151895
136.82463012596438
114.81939502608793
86.71369871040417
52.943288408613604
98.91462114201883
56.86501347591832
111.11554357363349
59.47949685412146
117.65175201914134
58.172255165019884
122.4449715458471
61.22248577292355
128.54543276165444
60.350991313522506
132.0314105992586
56.86501347591832
128.54543276165444
42.04960766610051
123.31646600524815
33.334663072090045
116.78025755974029
30.720179693886905
109.37255465483139
30.720179693886905
97.17163222321673
36.38489367999371
91.50691823710993
52.071793949212555
110.67979634393296
52.50754117891308
117.21600478944082
52.943288408613604
122.4449715458471
54.686277327415695
128.10968553195391
55.12202455711622
122.88071877554762
46.842827192806276
117.21600478944082
43.79259658490261
110.24404911423244
43.35684935520209
