76.34984651719915
119.62955602549519
75.46205760420847
106.31272233063487
78.12542434318053
92.10809972278386
83.45215782112466
78.3473715714282
88.77889129906879
64.14274896357719
95.43730814649894
49.49423189923085
102.0957249939291
36.177398204370526
108.31024738486391
23.748353422500898
119.85150325374286
18.421619944556774
136.27559814407059
19.753303314042803
154.47527086037968
26.411720161472964
173.11883803318412
34.401820378389154
190.87461629299787
45.05528733427741
203.3036610748675
60.591593311614446
209.96207792229768
79.67905494091423
211.73765574827905
100.5420943961954
213.06933911776508
120.51734493848588
73.24258532173175
142.26817330675772
75.90595206070381
146.70711787171118
82.12047445163863
145.81932895872046
88.77889129906879
142.71206776325306
95.43730814649894
137.8292287418043
113.1930864063127
138.71701765479497
127.39770901416371
144.0437511327391
142.93401499150073
145.37543450222512
158.47032096883777
142.26817330675772
171.34326020720275
135.16586200283223
105.20298618939651
121.8490283079719
102.53961945042444
110.7516668955883
98.9884637984617
99.21041102670937
95.43730814649894
88.11304961432576
94.54951923350825
79.67905494091423
97.65678042897567
77.01568820194217
102.0957249939291
75.2401103759608
107.86635292836857
77.01568820194217
114.96866423229407
78.79126602792354
81.67657999514329
119.62955602549519
85.67163010360137
121.8490283079719
91.88615249453619
121.8490283079719
98.54456934196635
119.62955602549519
91.88615249453619
116.96618928652312
85.67163010360137
116.52229483002777
131.3927591226218
116.96618928652312
137.60728151355661
119.18566156899985
145.5973817304728
117.8539781995138
154.91916531687502
116.52229483002777
146.04127618696816
112.97113917806503
137.60728151355661
112.97113917806503
98.10067488547101
55.708754290165665
98.10067488547101
60.591593311614446
101.65183053743375
63.254960050586504
105.64688064589186
61.47938222460513
110.97361412383597
63.254960050586504
122.51486999271492
60.1476988551191
135.83170368757524
54.82096537717497
124.73434227519164
47.274759616754125
114.96866423229407
45.05528733427741
109.1980362978546
45.05528733427741
104.75909173290117
45.943076247268095
101.20793608093841
49.93812635572619
100.76404162444307
55.264859833670315
102.98351390691978
56.59654320315635
106.53466955888254
56.15264874666101
111.86140303682667
56.15264874666101
130.94886466612647
55.264859833670315
113.1930864063127
55.264859833670315
107.86635292836857
55.264859833670315
103.87130281991048
56.15264874666101
