24.65592246728453
130.3567752668469
25.56910478088766
108.44039974037177
28.76524287849862
86.52402421389664
34.244336760117406
65.52083100102463
44.74593336655341
46.80059357216045
61.183215011409764
31.733085397708795
79.90345244027394
19.861715320868093
100.45005449634438
11.643074498439917
118.25710961160543
11.643074498439917
131.49825315885082
18.491941850463398
141.0866674516837
32.64626771131192
149.76189943091345
45.88741125855732
157.52394909654006
60.954919433008975
162.08986066455572
76.93560992106377
165.28599876216666
92.45970925231698
165.74258991896824
107.98380858357021
164.8294076053651
122.5947256012203
59.81344154100506
132.18313989405317
74.42435855865516
136.74905146206882
89.03527557630525
138.11882493247353
103.18960143715377
135.8358691484657
115.51756267079604
130.3567752668469
137.89052935407275
131.72654873725162
145.65257901969935
136.74905146206882
153.87121984212754
140.40178071648134
161.63326950775414
142.68473650048918
167.5689545461745
139.4885984028782
126.47575043403361
118.02881403320465
128.30211506123987
105.70085279956238
130.58507084524769
92.45970925231698
132.41143547245397
80.13174801867473
111.86483341638352
73.7394718234528
119.62688308201012
71.45651603944498
127.38893274763674
69.17356025543715
133.3246177860571
72.36969835304811
137.43393819727117
76.93560992106377
75.33754087225829
119.39858750360935
84.92595516509117
123.964499071625
94.9709606147256
123.50790791482343
102.7330102803522
115.28926709239526
93.6011871443209
114.37608477879213
84.01277285148802
115.28926709239526
134.69439125646178
118.02881403320465
141.54325860848527
126.70404601243439
150.218490587715
128.98700179644223
156.61076678293693
125.3342725420297
152.04485521492128
119.85517866041091
143.82621439249309
118.02881403320465
83.55618169468646
60.49832827620741
99.99346333954281
63.23787521701681
115.06097151399447
64.6076486874215
122.8230211796211
63.69446637381837
130.12847968844613
66.43401331462776
136.0641647268665
66.89060447142933
141.0866674516837
65.52083100102463
135.60757357006491
52.736278610580804
129.67188853164456
44.97422894495419
121.90983886601795
41.77809084734323
113.69119804358978
41.321499690541664
98.62368986913812
46.34400241535889
87.66550210590056
59.128554805802715
114.60438035719291
59.128554805802715
122.8230211796211
59.128554805802715
130.12847968844613
61.41151058981055
137.43393819727117
63.69446637381837
129.67188853164456
53.649460924183934
122.36643002281953
50.45332282657297
114.14778920039134
49.99673166977141
