62.47853551585868
122.68970482348055
63.486253830630595
106.06235262974397
65.50169046017443
88.93114127862142
69.02870456187613
71.7999299274989
74.06729613573569
54.66871857637635
83.64062012606888
41.56838048434146
97.74867653287568
31.49119733662232
114.37602872661226
23.933309975832962
132.01109923512075
21.414014188903177
148.13459227147138
24.43716913321892
162.74650783566415
33.50663396616615
174.33526845554115
44.5915354286572
182.90087413110243
58.699591835464005
186.93174739019008
75.32694402920059
188.94718401973392
91.95429622293717
190.45876149189178
109.08550757405972
189.95490233450582
125.7128597677963
73.05957782096378
146.8749443780065
81.62518349652505
155.94440921095372
93.21394411640206
160.47914162742734
106.31428220843695
158.46370499788353
117.90304282831396
153.42511342402395
144.10371901238372
153.42511342402395
154.68476131748884
158.96756415526946
166.27352193736584
160.9830007848133
177.3584233998569
156.44826836833968
183.90859244587435
147.37880353539245
132.01109923512075
138.30933870244522
132.5149583925067
128.2321555547261
133.52267670727863
118.15497240700694
134.53039502205056
107.57393010190184
121.93391608740163
96.48902863941079
127.98022597603311
94.97745116725291
134.0265358646646
93.46587369509504
139.06512743852417
94.97745116725291
144.10371901238372
96.48902863941079
87.67149338515654
132.7668879711997
94.22166243117398
137.30162038767332
103.2911272641212
137.30162038767332
111.35287378229653
132.26302881381375
102.78726810673525
130.75145134165587
94.22166243117398
130.75145134165587
149.64616974362926
132.26302881381375
157.2040571044186
137.30162038767332
165.76966277997988
137.80547954505926
172.8236909833833
132.7668879711997
166.27352193736584
130.75145134165587
157.70791626180457
130.75145134165587
102.78726810673525
69.78449329795507
114.37602872661226
78.85395813090229
125.96478934648928
83.3886905473759
134.0265358646646
81.87711307521803
140.57670491068203
83.89254970476186
150.65388805840118
79.35781728828825
158.7156345765765
69.2806341405691
151.15774721578714
56.68415520592018
141.58442322545395
52.653281946832514
134.0265358646646
52.14942278944656
125.46093018910332
52.653281946832514
113.36831041184035
57.69187352069209
107.32200052320887
70.28835245534101
125.96478934648928
74.31922571442867
134.0265358646646
73.81536655704272
140.57670491068203
74.31922571442867
154.18090216010287
69.2806341405691
140.57670491068203
63.234324251937615
134.0265358646646
62.73046509455166
125.46093018910332
63.738183409323575
