53.77643563532438
119.79661331261994
55.21687587555628
100.59074344286122
57.13746286253215
82.34516706659046
60.498490089739924
64.57973743706366
67.70069129089944
48.25474804776875
80.1845067062426
33.85034564544972
95.54920260204956
22.806970470338463
111.3940452446005
13.684182282203079
127.7190346338954
11.283448548483241
143.08373052970236
15.60476926917895
157.00798618527742
27.128291191034172
168.53150810713265
40.57240009986527
176.21385605503613
55.93709599567224
182.4557637627077
72.26208538496714
184.85649749642755
89.067221521006
185.33664424317152
105.3922109103009
184.85649749642755
122.19734704633977
67.70069129089944
138.04218968889072
75.86318598554689
146.68483113028213
86.42641441391419
151.00615185097783
98.91022982925735
150.52600510423386
110.43375175111257
146.20468438353817
142.12343703621443
145.7245376367942
151.72637197109378
150.52600510423386
162.76974714620505
151.96644534446577
172.3726820810844
148.12527137051404
179.09473653549995
139.96277667586656
125.79844764691953
129.87969499424327
126.2785943936635
118.836319819132
127.23888788715144
108.75323813750867
128.19918138063937
97.70986296239742
111.87419199134447
90.50766176123791
119.07639319250399
88.10692802751807
126.2785943936635
86.1863410405422
133.96094234156698
88.58707477426204
141.1631435427265
90.98780850798188
81.62494694647451
126.03852102029151
89.30729489437799
130.8399884877312
98.91022982925735
131.32013523447517
107.55287127064877
125.55837427354754
98.91022982925735
124.11793403331565
89.30729489437799
123.63778728657168
141.64329028947046
125.07822752680359
149.8057849841179
130.8399884877312
158.9285731722533
131.32013523447517
166.1307743734128
126.99881451377945
159.40871991899726
124.11793403331565
150.28593173086188
123.63778728657168
92.66832212158576
69.38120490450333
104.67199079018495
76.10325935891888
118.11609969901605
78.50399309263871
127.23888788715144
77.06355285240681
136.8418228220308
78.98413983938268
148.84549149062997
77.06355285240681
158.44842642550933
69.38120490450333
150.28593173086188
50.17533503474462
137.32196956877476
42.49298708684114
127.7190346338954
41.05254684660924
117.63595295227208
42.01284034009717
103.71169729669703
49.21504154125669
96.98964284228147
68.90105815775937
117.63595295227208
74.18267237194301
127.23888788715144
73.22237887845507
136.36167607528682
74.66281911868697
154.6072524515576
69.38120490450333
137.32196956877476
51.13562852823256
127.7190346338954
49.69518828800066
117.63595295227208
50.65548178148859
