71.78925424759286
127.59802381678321
71.78925424759286
112.35509996969157
73.75608313108856
96.62046890172601
76.7063264563321
80.88583783376045
80.6399842233235
65.1512067657949
86.54047087381058
50.399990139577184
95.88290807041513
36.63218795510732
107.19217415051537
23.8478002123853
121.94339077673308
18.43902078277214
138.6614362864465
19.91414244539391
158.32972512140344
28.273165200250613
176.0311850728647
38.59901683860301
191.27410891995632
51.87511180219895
200.12483889568696
68.10145009103843
205.0419111044262
87.27803170512146
208.48386165054364
106.9463205400784
210.45069053403935
126.61460937503536
71.29754702671895
146.2828982099923
78.18144811895387
152.6750920813533
88.01559253643235
153.65850652310115
98.83315139565866
151.69167763960547
109.15900303401106
146.2828982099923
133.25265685683334
146.2828982099923
146.03704459955534
151.69167763960547
159.80484678402522
154.64192096484902
172.58923452674722
151.69167763960547
183.40679338597354
144.80777654737054
120.95997633498523
131.5316815837746
118.99314745148953
121.2058299454222
117.51802578886777
110.38827108619587
115.55119690537208
100.06241944784348
110.63412469663284
88.2614461468693
114.56778246362423
86.29461726337361
118.99314745148953
84.81949560075184
124.4019268811027
86.78632448424753
130.3024135315898
88.2614461468693
84.57364199031488
130.05655992115283
90.96583586167588
134.97363212989205
100.30827305828043
133.9902176881442
107.68388137138929
126.61460937503536
98.83315139565866
124.64778049153966
89.98242141992804
125.13948771241358
143.57850849518573
127.10631659590928
151.4458240291685
133.9902176881442
160.78826122577306
134.48192490901815
168.65557675975583
129.07314547940499
161.7716756675209
125.13948771241358
152.42923847091635
124.64778049153966
101.78339472090221
65.64291398666882
107.68388137138929
70.55998619540806
115.05948968449815
73.01852229977767
120.95997633498523
71.05169341628198
127.84387742722016
72.03510785802982
138.16972906557257
69.5765717536602
149.97070236654673
64.65949954492096
137.67802184469863
56.300476790064266
127.35217020634624
52.8585262439468
119.97656189323739
51.87511180219895
113.58436802187637
52.8585262439468
106.70046692964145
55.80876956919034
105.22534526701968
64.16779232404704
115.05948968449815
63.67608510317312
120.95997633498523
63.67608510317312
127.84387742722016
63.184377882299195
145.5453373786814
63.67608510317312
127.35217020634624
62.692670661425275
120.46826911411131
62.20096344055135
114.56778246362423
62.692670661425275
