67.99732048855407
148.98599895662863
67.44449674474468
129.63716792330024
69.10296797617283
110.28833688997184
72.41991043902912
91.49232960045283
80.15944285236048
74.90761728617136
92.3215652161669
61.08702369093678
107.24780629902024
50.03054881474913
124.3853423571111
40.632545169989626
141.52287841520197
37.868426450942714
157.00194324186467
41.18536891379901
170.26971309328985
52.24184378998666
181.8790117132869
64.95678989760246
191.2770153580464
79.33020723664642
197.35807653994962
96.46774329473728
202.33349023423406
113.60527935282813
205.65043269709037
130.742815410919
207.86172767232787
148.98599895662863
82.37073782759802
164.46506378329136
96.19133142283259
168.33482998995703
109.45910127425776
165.01788752710073
121.6212236380642
161.14812132043505
133.7833460018706
156.1727076261506
158.10759072948343
156.1727076261506
169.71688934948048
160.59529757662565
180.77336422566813
164.46506378329136
193.48831033328395
167.22918250233826
203.43913772185283
162.8065925518632
148.15676334091455
144.0105852623442
148.70958708472395
130.742815410919
149.26241082853332
117.47504555949382
149.81523457234272
104.20727570806864
134.33616974568
99.2318620137842
140.97005467139257
96.46774329473728
147.60393959710518
94.25644831949974
153.132177035199
96.46774329473728
158.10759072948343
98.67903826997481
95.6385076790232
147.32752772520047
104.48368757997332
151.75011767567554
114.9873387123516
151.19729393186617
123.27969486949233
143.4577615185348
113.88169122473283
141.79929028710666
103.37804009235455
142.35211403091603
164.74147565519604
143.4577615185348
173.58665555614616
151.19729393186617
183.53748294471504
151.19729393186617
190.72419161423701
146.7747039813911
184.6431304323338
142.35211403091603
174.69230304376492
141.79929028710666
120.51557615044543
76.5660885175995
131.57205102663306
80.98867846807457
140.4172309275832
83.75279718712147
145.94546836567702
81.54150221188394
152.02652954758022
83.75279718712147
158.66041447329283
80.43585472426518
165.2942993990054
77.11891226140888
158.10759072948343
70.48502733569629
151.47370580377086
67.16808487284
144.83982087805825
66.61526112903061
138.75875969615504
66.61526112903061
130.46640353901432
69.9322035918869
124.3853423571111
76.5660885175995
139.8644071837738
76.5660885175995
145.39264462186765
76.01326477379011
152.02652954758022
76.5660885175995
161.42453319233974
76.5660885175995
151.47370580377086
77.67173600521826
145.39264462186765
76.5660885175995
139.8644071837738
77.11891226140888
