51.879065414757946
145.7191396208642
52.8963019915179
124.35717150890507
55.94801172179778
102.99520339694593
61.034194605597584
83.66770843850668
70.6979420848172
65.8660683452074
83.92201758269667
51.11613798218797
98.67194794571608
37.8920624843085
114.94773317387545
29.24555158184884
132.24075497879477
28.22831500508888
146.99068534181418
33.31449788888868
157.16305110941377
46.02995509838818
165.30094372349345
61.79712203816755
171.9129814724332
78.07290726632691
178.01640093299295
94.34869249448626
182.08534724003277
111.1330960110256
183.61120210517274
127.91749952756493
182.59396552841275
144.19328475572428
70.6979420848172
148.26223106276413
82.39616271755673
156.4001236768438
97.14609308057615
157.41736025360376
111.38740515521559
154.3656505233239
125.12009894147504
148.7708493511441
145.97344876505423
148.26223106276413
156.14581453265382
152.83979565818393
166.3181803002534
155.38288710008385
175.98192777947304
155.38288710008385
182.08534724003277
150.80532250466402
136.3097012858346
135.03815556488465
137.32693786259455
121.81408006700518
139.3614110161145
108.08138628074572
140.88726588125442
94.85731078286624
120.54253434605522
90.27974618744642
129.18904524851487
87.73665474554652
137.83555615097453
85.7021815920266
145.46483047667422
88.24527303392651
151.059631648854
92.31421934096635
86.97372731297655
137.07262871840456
95.62023821543622
140.12433844868445
104.77536740627585
139.61572016030448
112.91326002035552
133.5123006997447
104.26674911789587
131.98644583460478
94.60300163867625
132.49506412298476
149.0251584953341
134.0209189881247
156.6544328210338
140.63295673706443
165.80956201187342
141.6501933138244
172.42159976081317
138.59848358354452
166.82679858863338
133.5123006997447
158.18028768617373
133.00368241136474
101.72365767599597
68.91777807548726
115.45635146225543
72.47810609414712
127.66319038337494
74.51257924766705
135.8010829974546
72.47810609414712
143.4303573231543
75.02119753604703
151.568249937234
74.51257924766705
157.67166939779375
71.46086951738717
152.58548651399394
58.74541230788767
144.95621218829424
52.64199284732791
135.8010829974546
50.607519693807994
127.15457209499496
50.607519693807994
114.43911488549547
55.693702577607795
106.80984055979577
68.91777807548726
127.15457209499496
68.91777807548726
135.29246470907464
68.40915978710728
143.9389756115343
69.93501465224723
154.61995966751388
70.44363294062721
144.44759389991427
63.32297690330749
135.8010829974546
60.77988546140759
127.66319038337494
61.28850374978757
