58.669533392570685
127.03846545084863
60.08895758755224
109.05909231441568
63.8740887741697
91.55286057630991
66.7129371641328
73.57348743987696
70.49806835075026
55.594114303444
78.54147212231237
39.50730676031978
89.42372428383759
25.786206208831473
103.14482483532589
14.43081264897908
121.12419797175885
11.591964259015983
140.99613670150052
13.484529852324714
159.92179263458783
22.47421642054119
177.4280243726936
33.829609980393585
190.20284212752756
49.9164175235178
197.2999631024353
67.42264926162358
201.55823568737995
86.34830519471089
204.39708407734304
105.74710252612539
206.28964967065178
125.61904125586707
62.454664579188155
129.40417244248454
70.49806835075026
138.39385901070102
82.79974470725702
141.2327074006641
96.04770386041814
140.75956600233692
108.3493802169249
136.97443481571946
126.32875335335785
138.8670004090282
141.4692780998277
142.17899019731848
156.60980284629755
142.65213159564567
171.27718619444025
139.3401418073554
183.57886255094698
131.76987943412047
117.81220818346856
126.09218265419426
116.8659253868142
112.84422350103314
115.44650119183264
100.0694057461992
114.50021839517828
86.82144659303808
104.56424903030744
80.6706084147847
109.76880441190644
77.35861862649442
116.39278398848701
74.9929116348585
123.96304636172194
77.8317600248216
131.53330873495688
80.6706084147847
80.4340377156211
125.1458998575399
87.53115869052886
129.40417244248454
96.52084525874533
129.40417244248454
104.09110763198025
123.72647566255834
96.04770386041814
122.3070514675768
87.05801729220167
122.3070514675768
140.04985390484615
123.72647566255834
147.1469748797539
128.93103104415735
155.6635200496432
128.45788964583016
163.7069238212053
124.67275845921272
156.13666144797037
121.83391006924961
147.6201162780811
122.3070514675768
97.94026945372687
58.90610409173428
104.56424903030744
62.21809388002456
112.60765280186955
64.58380087166047
118.75849098012293
63.16437667667893
125.85561195503067
64.58380087166047
135.31843992157434
62.69123527835174
146.20069208309954
58.4329626934071
135.79158131990152
52.28212451515372
126.32875335335785
49.44327612519062
118.75849098012293
48.970134726863435
112.13451140354236
49.44327612519062
104.56424903030744
52.28212451515372
101.72540064034433
58.4329626934071
112.60765280186955
57.95982129507991
118.75849098012293
57.48667989675273
126.32875335335785
58.4329626934071
141.9424194981549
58.4329626934071
126.32875335335785
58.4329626934071
118.75849098012293
57.48667989675273
112.13451140354236
58.4329626934071
