62.9560398398323
128.68214543261723
64.97063311470694
111.55810259618285
68.49617134573755
94.93770807846711
71.01441293933084
77.81366524203273
75.54724780779877
60.68962240559834
85.11656586345327
46.58746948147591
97.70777383141973
35.00355815094676
112.81722339297949
25.93788841401091
130.9485628668512
22.915998501698958
150.08719897816022
25.43424009529225
166.70759349587593
33.492613194790785
181.31339473871702
44.06922788788261
191.89000943180886
57.66773249328639
196.92649261899544
75.29542364843944
198.43743757515142
93.42676312231114
200.95567916874472
111.05445427746419
202.97027244361934
129.68944207005455
71.5180612580495
139.7624084444277
77.5618410826734
151.34631977495687
90.15304905063986
156.38280296214344
103.75155365604364
156.38280296214344
116.84640994272876
152.35361641239416
139.51058428506838
151.34631977495687
153.10908889047215
154.87185800598746
166.70759349587593
155.37550632470612
179.80244978256107
150.8426714562382
188.36447120077824
140.76970508186503
128.4303212732579
137.7478151695531
127.92667295453924
126.66755215774259
127.92667295453924
115.5872891459321
127.42302463582058
103.49972949668431
115.83911330529143
93.93041144102979
121.88289312991535
91.91581816615516
128.4303212732579
90.90852152871784
134.97774941660046
92.41946648487382
141.52517755994302
93.93041144102979
86.62751081960926
135.2295735759598
93.17493896295181
142.78429835673967
103.24790533732498
142.78429835673967
111.30627843682352
134.22227693852247
102.74425701860632
132.7113319823665
93.17493896295181
132.20768366364783
148.07260570328557
133.21498030108515
155.62733048406545
142.280650038021
166.2039451771573
141.77700171930235
173.75866995793714
134.22227693852247
166.70759349587593
130.69673870749187
156.63462712150277
131.2003870262105
108.78803684323022
65.72610559278492
115.83911330529143
71.76988541740883
122.89018976735265
75.29542364843944
128.93396959197656
72.77718205484614
135.48139773531912
74.79177532972078
143.53977083481766
71.26623709869017
152.10179225303486
65.72610559278492
144.04341915353632
61.193270724316996
135.98504605403778
59.17867744944237
129.43761791069522
58.67502913072371
122.89018976735265
59.68232576816102
116.3427616240101
61.696919043035656
112.81722339297949
66.22975391150358
122.89018976735265
68.24434718637822
128.93396959197656
67.74069886765956
135.48139773531912
67.74069886765956
148.07260570328557
66.22975391150358
135.98504605403778
67.74069886765956
129.43761791069522
67.2370505489409
122.89018976735265
68.24434718637822
