43.40049664906208
141.66117164665766
43.88814267882682
119.71710030724427
46.81401885741527
98.74832102736035
52.178125184827444
79.73012586653539
60.9557537205928
62.17486879500466
74.6098425540056
47.54548790206239
90.70216153624209
34.866691128179085
108.74506463753757
24.62612450311949
125.81267567930355
21.212602294766295
140.92970260201056
25.60141656264898
152.63320731636438
38.280213336532285
162.87377394142396
52.42194819970981
171.1637564474246
67.05132909265208
177.50315483436626
82.1683560153591
182.8672611617784
99.23596705712508
185.79313734036685
115.32828603936159
186.28078337013162
131.90825105136284
67.29515210753446
150.92644621218778
79.48630285165302
155.31526048007046
92.16509962553631
154.82761445030573
104.35625036965489
151.41409224195252
114.10917096494973
143.61175576571665
145.31851686989324
141.17352561689293
155.0714374651881
145.07469385501088
165.31200409024768
148.00057003359933
175.55257071530727
148.97586209312882
181.89196910224894
143.12410973595192
130.20148994718622
128.49472884300963
130.68913597695098
115.32828603936159
131.1767820067157
102.16184323571353
131.66442803648044
88.9954004320655
115.57210905424395
84.60658616418281
122.8867995007151
82.1683560153591
130.20148994718622
79.24247983677064
136.54088833412789
81.19306395582961
141.90499466154006
84.60658616418281
81.43688697071198
133.37118914065707
89.72686947671261
138.7352954680692
99.9674361017722
136.78471134901025
106.30683448871385
127.0317907537154
97.52920595294849
126.05649869418592
87.77628535765363
128.0070828132449
145.31851686989324
125.56885266442117
152.63320731636438
133.8588351704218
162.38612791165923
134.8341272299513
168.72552629860087
128.49472884300963
163.36141997118872
123.61826854536221
154.0961454056586
123.13062251559747
96.06626786365426
67.05132909265208
109.72035669706705
68.02662115218158
120.93621538165613
69.00191321171106
128.738551857892
66.56368306288734
136.54088833412789
69.00191321171106
143.85557878059902
68.51426718194631
152.63320731636438
67.53897512241683
144.34322481036375
56.8107624675925
137.02853436389262
52.42194819970981
129.22619788765675
50.95901011041558
120.44856935189138
51.93430216994507
109.2327106673023
56.8107624675925
101.43037419106642
65.10074497359311
120.93621538165613
62.17486879500466
128.738551857892
61.687222765239916
136.54088833412789
62.6625148247694
148.2443930484817
65.58839100335786
137.02853436389262
62.6625148247694
129.22619788765675
61.199576735475176
120.93621538165613
62.17486879500466
