70.33886385103258
145.42280978725387
73.13008860702594
127.55897134889638
77.03780326541663
110.81162281293625
82.06200782620468
94.0642742769761
89.87743714298607
77.87517069221464
100.48409121576083
63.36080196104919
112.7654801421316
51.07941303467842
126.72160392209838
40.472758961903665
142.91070750685984
38.239779157108984
159.09981109162132
39.914514010705
173.05593487158808
49.4046781810824
185.33732379795885
61.1278221562545
196.5022228219323
75.64219088741996
204.31765213871367
91.27304952098275
210.45834660189905
109.13688795934023
214.92430621148844
127.0007263976977
217.71553096748178
145.98105473845254
78.71253811901265
157.70419871362463
90.43568209418474
163.84489317681002
104.95005082535019
164.96138307920737
118.90617460531698
162.72840327441267
131.74580848288642
157.14595376242596
156.86683128682662
158.2624436648233
169.70646516439606
164.4031381280087
184.22083389556153
166.63611793280336
197.6187127243296
164.4031381280087
208.78361174830306
157.70419871362463
144.58544236045586
145.42280978725387
144.58544236045586
132.58317590968443
145.14368731165453
119.74354203211499
145.14368731165453
106.90390815454555
132.3040534340851
100.76321369136016
138.44474789727047
97.97198893536681
144.58544236045586
95.73900913057211
151.28438177483991
97.97198893536681
156.30858633562795
100.20496874016149
94.90164170377412
146.53929968965122
103.83356092295286
151.56350425043925
115.55670489812495
151.56350425043925
124.48862411730369
144.8645648360552
114.4402149957276
142.07334008006183
103.27531597175418
142.07334008006183
163.56577070121068
144.8645648360552
173.05593487158808
152.12174920163793
184.22083389556153
152.12174920163793
192.59450816354158
146.53929968965122
185.33732379795885
142.6315850312605
174.17242477398543
142.07334008006183
117.78968470291963
76.75868078981729
127.83809382449572
83.45762020420135
137.8865029460718
86.2488449601947
144.58544236045586
84.5741101065987
151.8426267260386
86.2488449601947
161.89103584761466
82.34113030180401
171.3812000179921
75.64219088741996
161.89103584761466
65.59378176584387
152.40087167723726
62.24431205865184
144.58544236045586
62.80255700985052
137.32825799487313
63.91904691224786
127.27984887329704
68.38500652183723
122.255644312509
76.75868078981729
137.8865029460718
80.10815049700932
144.58544236045586
79.54990554581066
151.8426267260386
80.10815049700932
166.35699545720402
75.64219088741996
151.8426267260386
72.8509661314266
144.58544236045586
72.29272118022793
137.8865029460718
73.40921108262528
