57.28426459436889
144.00627627195513
57.81467445172416
125.44193126452076
59.40590402378996
106.8775862570864
63.11877302527683
89.37406096436257
72.13574060031638
72.93135538634928
86.4568067489086
59.6711089524676
101.83869261221136
48.00209209065171
118.81180804757992
36.86348508619109
135.78492348294847
33.681025942059485
151.6972192036065
38.98512451561216
164.95746563748818
51.71496109213858
177.15689235665934
64.97520752602027
187.23467964640943
79.82668353196776
194.1300077920279
95.73897925262578
197.8428767935148
112.71209468799435
199.4341063655806
129.6852101233629
199.4341063655806
146.65832555873146
73.72697017238218
159.3881621352579
84.8655771768428
166.28349028087638
98.1258236107245
167.87471985294218
111.38607004460617
165.22267056616582
124.1159066211326
159.3881621352579
153.8188586330276
158.85775227790262
164.95746563748818
165.22267056616582
176.62648249930407
168.40512971029744
188.29549936111997
167.87471985294218
196.251647221449
160.44898184996842
138.43697276972483
142.9454565572446
138.9673826270801
131.80684955278397
139.49779248443537
120.66824254832336
140.02820234179063
109.52963554386274
123.05508690642206
102.103897540889
131.01123476675107
99.98225811146793
138.9673826270801
97.33020882469158
146.39312063005383
99.45184825411266
152.75803891831706
101.57348768353373
88.57844617832967
139.762997413113
98.1258236107245
144.5366861293104
108.73402075782984
144.00627627195513
117.22057847551412
137.64135798369193
107.6732010431193
134.4588988395603
96.53459403865868
134.4588988395603
155.4100882050934
137.64135798369193
164.95746563748818
144.5366861293104
175.03525292723828
145.59750584402093
182.9914007875673
141.88463684253406
176.0960726419488
136.0501284116261
166.01828535219872
134.98930869691557
107.6732010431193
81.41791310403356
120.40303761964573
82.47873281874409
131.54164462410634
84.60037224816517
137.3761530550143
83.00914267609936
143.21066148592223
84.0699623908099
152.75803891831706
82.47873281874409
162.83582620806712
81.41791310403356
152.75803891831706
68.68807652750715
143.21066148592223
63.91438781130974
136.31533334030374
62.8535680965992
129.95041505204054
63.38397795395447
118.81180804757992
68.15766667015187
112.97729961667198
79.2962736746125
131.01123476675107
76.1138145304809
137.3761530550143
75.58340467312561
143.21066148592223
76.1138145304809
157.0013177771592
79.2962736746125
142.68025162856696
76.1138145304809
136.845743197659
74.52258495841508
130.4808249093958
75.05299481577035
