77.23076748501127
120.70343220141699
74.80212699806123
106.13158927971675
74.80212699806123
90.5882901632365
77.71649558240128
76.01644724153624
82.57377655630135
60.958876222446
89.37396991976146
47.35848949552578
98.11707567278161
34.24383086599556
106.86018142580176
20.15771604168533
120.94629625011198
14.328978873005235
137.46105156137224
16.271891262565266
156.89017545697257
24.529268918195402
174.86211506040286
34.72955896338557
191.86259846905315
47.35848949552578
203.52007280641334
63.38751670939604
208.86308187770342
82.81664060499637
210.32026616987346
103.7029487927667
209.83453807248344
123.61780078575703
73.83067080328121
141.10401229179732
80.14513606935131
145.9612932656974
89.37396991976146
144.9898370709174
97.6313475753916
141.5897403891873
105.88872523102174
136.73245941528725
129.2036739057421
138.6753718048473
141.34687634049232
143.04692468135735
153.49007877524252
144.9898370709174
166.11900930738273
144.50410897352737
177.7764836447429
139.6468279996273
116.57474337360192
126.04644127270707
114.63183098404188
113.41751074056687
112.20319049709184
101.27430830581666
109.77455001014181
88.64537777367646
104.91726903624172
82.33091250760636
109.2888219127518
78.44508772848629
114.63183098404188
76.50217533892625
120.46056815272198
78.44508772848629
127.7464896135721
80.87372821543633
85.97387323803142
129.93226605182713
91.3168823093215
134.78954702572722
100.54571615973165
133.8180908309472
107.34590952319176
126.04644127270707
99.08853186756163
124.58925698053704
90.34542611454148
125.07498507792705
138.91823585354228
125.07498507792705
145.71842921700238
132.84663463616718
155.43299116480256
132.84663463616718
163.20464072304267
127.01789746748709
156.40444735958258
123.13207268836702
147.17561350917242
122.64634459097701
100.54571615973165
62.41606051461603
104.43154093885171
64.84470100156607
110.74600620492181
65.81615719634608
116.57474337360192
63.38751670939604
123.37493673706203
64.35897290417606
136.00386726920223
61.44460431983601
150.08998209351248
59.015963832885966
136.00386726920223
49.30140188508581
124.34639293184205
45.415577105965745
116.57474337360192
45.415577105965745
109.77455001014181
47.35848949552578
104.43154093885171
53.18722666420587
104.43154093885171
60.958876222446
110.74600620492181
60.47314812505599
116.57474337360192
59.501691930275975
123.86066483445204
59.015963832885966
144.74697302222236
57.558779540715946
123.37493673706203
55.61586715115591
116.08901527621191
56.10159524854592
110.2602781075318
58.044507638105955
