75.52492183178562
130.3873650492148
74.09992330665759
115.66238028955847
75.52492183178562
99.03739749639811
80.27491691554572
82.88741421161377
84.54991249092981
67.21243043520543
90.72490609981794
52.01244616717312
96.89989970870607
36.33746239076478
105.92489036785027
23.037476156236494
122.07487365263461
17.81248156410038
140.599854479299
17.337482055724372
159.12483530596342
25.887473206492555
174.79981908237176
39.66245894939685
188.57480482527603
55.8124422341812
198.54979450117224
73.86242355246958
202.82479007655635
94.28740241263802
204.7247881100604
115.18738078118247
204.24978860168437
136.56235865810294
72.67492478152955
139.887355216735
75.99992134016162
146.53734833399915
84.54991249092981
145.1123498088711
93.57490315007401
142.26235275861504
102.12489430084219
136.56235865810294
126.3498692280187
137.98735718323096
139.174855954171
144.6373503004951
154.37484022220332
146.06234882562313
168.6248254734836
143.68735128374308
180.49981318288386
136.08735914972692
113.52488250186643
123.26237242357463
112.0998839767384
109.48738668067034
110.19988594323436
95.71240093776605
108.77488741810633
82.41241470323776
99.27489725058612
80.98741617810974
104.02489233434623
75.76242158597363
111.6248844683624
72.43742502734155
120.64987512750659
75.28742207759761
129.19986627827475
77.66241961947766
82.17491494904976
128.48736701571076
87.39990954118588
132.76236259109484
96.89989970870607
131.33736406596682
104.02489233434623
124.21237144032666
95.47490118357804
122.78737291519863
86.44991052443385
123.26237242357463
137.74985742904295
122.31237340682262
144.8748500546831
128.96236652408678
154.8498397305793
128.96236652408678
162.44983186459547
124.21237144032666
156.27483825570735
118.98737684819055
146.29984857981114
118.51237733981453
96.42490020033006
62.937434859821344
104.49989184272223
60.08743780956529
110.19988594323436
58.18743977606125
115.89988004374648
55.8124422341812
123.02487266938664
56.762441250933215
134.42486087041087
56.287441742557206
149.6248451384432
57.71244026768524
134.89986037878688
50.112448133669076
123.02487266938664
49.16244911691705
114.94988102699446
49.63744862529306
108.77488741810633
51.5374466587971
103.54989282597022
54.862443217429174
100.22489626733815
61.51243633469332
109.72488643485835
54.862443217429174
115.89988004374648
52.962445183925134
123.02487266938664
52.962445183925134
144.8748500546831
56.762441250933215
122.54987316101062
57.71244026768524
114.94988102699446
57.71244026768524
108.77488741810633
60.08743780956529
