67.91925838534435
147.34549856324705
67.91925838534435
128.82206445815314
69.04189075535004
110.29863035305921
72.97110405036996
92.89782861797099
80.8295306404098
77.1809754378913
92.05585434046672
63.14807081282016
106.08875896553786
53.04437948276893
123.48956070062609
46.869901447737625
142.01299480572
46.30858526273478
160.53642891081392
47.43121763274048
176.2532820908936
54.72832803777747
189.16355434595906
64.27070318282586
198.14461330600457
77.74229162289416
204.3190913410359
94.02046098797668
206.00303989604444
111.98257890806775
207.12567226605012
129.38338064315596
207.12567226605012
146.7841823782442
84.75874393542972
165.86893266834096
94.86243526548095
172.6047268883751
108.33402370554926
172.6047268883751
120.68297977561186
169.23682977835801
132.47061966067162
163.62366792832955
154.92326706078546
166.99156503834664
166.1495907608424
173.7273592583808
177.37591446089928
178.7792049234064
189.7248705309619
178.21788873840356
198.70592949100742
170.92077833336657
143.69694336072854
152.39734422827266
144.2582595457314
141.7323367132186
144.2582595457314
130.50601301316166
144.2582595457314
119.27968931310474
126.85745781064317
108.61468179805067
135.27720058568585
106.36941705803929
143.69694336072854
104.68546850303075
151.55536995076838
106.93073324304214
158.85248035580537
109.17599798305352
95.42375145048379
147.90681474824987
103.84349422552648
152.95866041327548
113.9471855555777
152.39734422827266
122.3669283306204
146.22286619324134
113.38586937057487
143.4162852682271
103.28217804052363
143.4162852682271
163.34300983582816
146.7841823782442
172.88538498087652
153.51997659827833
181.86644394092207
154.64260896828404
189.7248705309619
150.15207948826128
182.98907631092774
145.10023382323564
173.44670116587938
144.53891763823282
112.82455318557201
80.54887254790837
125.17350925563463
88.96861532295107
135.27720058568585
92.89782861797099
142.57431099072284
91.21388006296245
150.99405376576553
92.89782861797099
160.53642891081392
88.96861532295107
171.201436425868
82.23282110291692
161.09774509581675
77.74229162289416
151.55536995076838
76.05834306788562
143.1356271757257
76.05834306788562
134.715884400683
76.61965925288845
125.17350925563463
77.74229162289416
117.87639885059762
81.67150491791408
134.715884400683
85.600718212934
142.57431099072284
85.03940202793115
151.55536995076838
85.600718212934
167.27222313084806
82.79413728791977
151.55536995076838
85.03940202793115
143.1356271757257
84.4780858429283
135.27720058568585
85.03940202793115
