67.14751508856106
146.19124348021367
67.67623567980958
127.15730219526722
70.84855922730065
108.65208150156928
75.60704454853727
90.67558139911988
82.48041223476793
74.28524307041599
91.99738287724115
59.48106651545764
104.15795647595694
45.73433114299632
118.43341243966677
36.2173605005231
134.82375076837064
34.10247813552905
150.15664791457752
37.80352227426864
161.7885009220448
47.84921350799037
171.305471564518
62.1246694717002
179.2362804332457
77.45756661790706
187.1670893019734
93.31918435536244
193.5117363969555
109.70952268406631
197.74150112694363
126.6285816040187
198.79894230944066
145.13380229771664
74.02088277479173
157.29437589643243
84.06657400851347
165.22518476516012
98.3420299722233
164.1677435826631
112.08876534468462
158.88053767017797
124.77805953464892
152.0071699839473
152.27153027957155
154.12205234894137
164.43210387828734
160.46669944392352
176.59267747700312
164.6964641739116
189.28197166696742
165.22518476516012
198.27022171819215
158.88053767017797
138.52479490711025
139.317875793983
138.52479490711025
125.04241983027318
138.52479490711025
110.76696386656334
138.52479490711025
97.54894908535053
122.13445657840636
93.31918435536244
129.53654485588552
90.67558139911988
137.46735372461322
88.0319784428773
144.8694420020924
90.67558139911988
151.74280968832304
92.79046376411392
88.29633873850156
141.96147875022558
96.75586819847776
145.13380229771664
107.85900061469653
144.60508170646813
116.31853007467272
137.20299342898895
106.8015594321995
135.61683165524343
95.69842701598074
136.14555224649195
157.03001560080818
137.20299342898895
166.01826565203288
144.60508170646813
176.0639568857546
145.13380229771664
183.4660451632338
141.43275815897707
177.12139806825164
136.14555224649195
167.0757068345299
135.61683165524343
108.38772120594504
71.64164011417343
118.96213303091528
75.34268425291302
129.53654485588552
77.98628720915558
136.4099125421162
75.34268425291302
143.81200081959537
77.45756661790706
152.80025087082007
74.28524307041599
160.73105973954776
71.11291952292491
152.27153027957155
59.48106651545764
143.28328022834685
55.25130178546954
134.82375076837064
54.19386060297252
127.42166249089148
54.72258119422103
117.37597125716975
59.48106651545764
113.14620652718165
70.5841989316764
129.007824264637
69.52675774917938
135.88119195086767
68.46931656668235
143.28328022834685
68.99803715793087
155.97257441831115
70.05547834042788
143.28328022834685
67.94059597543384
135.88119195086767
66.88315479293682
128.4791036733885
67.94059597543384
