63.60442274721629
141.13873973245927
64.65573551989755
122.74076621053722
66.75836106526008
104.86844907495578
69.38664299696322
86.47047555303371
75.16886324671016
69.12381480379291
87.25896013254466
55.45674875893651
102.50299533642294
43.89230825944264
119.32399969932312
33.904836918970666
137.19631683490456
32.327867759948774
155.068633970486
34.95614969165192
169.78701278802365
44.94362103212391
182.9284224465394
56.50806153161778
192.91589378701138
70.17512757647417
198.6981140367583
85.94481916669308
201.8520523548021
103.81713630227452
203.95467790016463
121.16379705151532
205.53164705918653
139.03611418709676
73.06623770134763
155.85711854999693
83.57936542816024
163.21630795876575
97.24643147301664
164.79327711778765
110.3878411315324
162.69065157242514
123.00359440370752
156.90843132267818
149.28641372073906
157.95974409535947
161.90216699291418
164.267620731447
174.51792026508932
167.4215590494908
187.65932992360507
164.79327711778765
196.5954884913958
156.38277493633757
135.61934767588266
141.13873973245927
136.14500406222328
129.57429923296542
136.67066044856392
118.53551511981217
136.67066044856392
106.9710746203183
121.95228163102627
97.50925966618695
128.78581465345448
95.93229050716506
135.61934767588266
93.82966496180254
141.92722431197024
95.93229050716506
147.70944456171716
98.03491605252758
87.25896013254466
137.9848014144155
96.19511870033537
142.71570889148117
106.18259004080736
142.19005250514056
114.06743583591681
136.4078322553936
105.1312772681261
133.77955032369044
94.61814954131349
133.77955032369044
154.01732119780473
136.4078322553936
162.42782337925482
143.2413652778218
172.94095110606742
143.76702166416243
180.8257969011769
139.03611418709676
173.99226387874867
134.3052067100311
163.47913615193607
134.3052067100311
110.3878411315324
72.2777531218367
119.32399969932312
79.11128614426488
128.26015826711384
82.7908808486493
134.5680349032014
81.21391168962741
140.87591153928898
83.31653723498992
149.81207010707968
79.63694253060552
159.27388506121105
73.85472228085858
150.86338287976093
65.96987648574913
142.45288069831085
63.867250940386604
135.61934767588266
62.81593816770534
128.78581465345448
62.81593816770534
119.84965608566375
65.96987648574913
115.64440499493871
72.80340950817732
128.26015826711384
74.90603505353984
135.09369128954202
74.38037866719921
141.4015679256296
75.43169143988047
154.01732119780473
73.32906589451795
141.92722431197024
74.90603505353984
135.61934767588266
73.85472228085858
128.78581465345448
74.38037866719921
