62.46270650563324
153.4409964160121
64.63532238409005
133.88745350990084
68.98055414100367
115.42021854301795
74.41209383714569
96.95298357613508
81.47309544213032
79.57205654848062
90.70671292557175
62.73428349044035
104.2855621659268
48.61228028047109
120.03702728473867
37.74920088818705
136.87480034277894
34.49027707050183
153.7125734008192
37.206046918572845
170.00719248924526
47.525972341242685
183.04288775998612
61.10482158159774
192.27650524342755
77.942594639638
198.25119890918378
95.86667563690668
203.1395846357116
114.33391060378955
208.02797036223942
133.3442995402866
210.74374021031042
152.3546884767837
75.4984017763741
159.41569008176833
88.53409704711494
163.76092183868195
101.5697923178558
163.21776786906773
115.14864155821085
160.50199802099672
127.6411828593375
155.0704583248547
153.169419431205
155.0704583248547
165.11880676271744
161.04515199061092
177.6113480638441
164.30407580829615
190.10388936497074
164.84722977791034
201.51012272686899
161.04515199061092
141.22003209969256
143.12107099334227
141.22003209969256
130.6285296922156
141.76318606930676
117.59283442147476
141.76318606930676
105.10029312034811
127.6411828593375
98.03929151536349
134.15903049470793
95.32352166729247
140.67687813007834
93.15090578883566
147.19472576544877
95.32352166729247
153.169419431205
97.49613754574928
91.79302086480016
144.75053290218486
101.02663834824159
148.0094567198701
110.80340980129724
147.46630275025586
118.95071934551027
141.49160908449966
110.26025583168303
139.31899320604285
99.94033040901319
139.86214717565704
159.68726706657543
141.49160908449966
168.37773058040267
148.0094567198701
178.1545020334583
148.55261068948428
185.75865760805712
145.29368687179905
179.2408099726867
139.86214717565704
169.46403851963106
139.86214717565704
114.60548758859665
76.8562867004096
123.83910507203808
82.28782639655162
132.52956858586532
85.00359624462263
139.59057019084995
82.28782639655162
147.19472576544877
84.46044227500843
154.79888134004761
80.65836448770901
162.94619088426063
76.3131327307954
154.79888134004761
69.79528509542497
146.65157179583457
67.07951524735397
138.50426225162155
66.53636127773976
131.4432606466369
67.07951524735397
123.29595110242389
70.33843906503917
118.95071934551027
76.8562867004096
132.52956858586532
77.942594639638
139.04741622123575
76.8562867004096
147.19472576544877
77.39944067002381
158.600959127347
76.3131327307954
146.65157179583457
77.942594639638
139.04741622123575
76.8562867004096
131.98641461625112
77.942594639638
