57.31959891917792
116.770918459317
57.31959891917792
98.76972210453386
58.26703030627177
80.76852574975071
60.6356087740064
62.76732939496756
66.3201970965695
45.71356442727826
76.74194235460185
31.975809314417436
90.00598177391575
19.659201282197387
105.63859966096427
10.184887411258886
125.06094309638819
7.342593249977337
144.0095708382652
11.132318798352737
158.22104164467294
22.501495443478937
170.06393398334606
35.76553486279283
179.06453216073763
49.97700566920059
184.27540478975382
66.55705494334296
185.6965518703946
84.08453560457919
186.1702675639415
101.61201626581541
186.1702675639415
119.13949692705162
63.95161862883487
127.66637941089628
70.58363833849182
139.98298744311634
82.42653067716495
144.7201443785856
95.69057009647885
145.1938600721325
108.95460951579274
141.87785021730403
134.06154127377977
142.82528160439787
147.7992963866406
145.66757576567943
161.0633358059545
145.1938600721325
172.90622814462762
140.45670313666326
179.06453216073763
129.56124218508398
121.74493324155972
128.61381079799014
121.74493324155972
117.24463415286394
122.21864893510664
106.82288889483158
122.21864893510664
94.97999655615845
104.69116827387042
88.34797684650151
112.74433506416814
86.45311407231381
121.74493324155972
84.08453560457919
130.27181572540437
86.45311407231381
138.3249825157021
88.34797684650151
80.05795220943033
123.40293816897396
87.16368761263419
128.61381079799014
95.21685440293192
129.08752649153706
102.3225898061358
124.3503695560678
95.21685440293192
123.40293816897396
87.16368761263419
122.92922247542703
140.69356098343673
124.3503695560678
148.27301208018753
130.0349578786309
156.32617887048525
129.08752649153706
162.95819858014218
124.3503695560678
156.79989456403217
123.40293816897396
148.74672777373445
123.87665386252088
90.47969746746267
64.66219216915526
101.84887411258887
69.3993491046245
113.691766451262
71.2942118788122
121.74493324155972
70.34678049171836
130.7455314189513
71.76792757235913
142.5884237576244
69.87306479817143
153.01016901565677
65.6096235562491
143.53585514471825
52.81929983048214
132.16667849959208
46.66099581437211
122.21864893510664
45.71356442727826
113.691766451262
46.187280120825186
101.37515841904194
51.39815274984136
94.743138709385
63.71476078206141
113.691766451262
64.66219216915526
121.74493324155972
63.71476078206141
131.2192471124982
65.13590786270218
148.27301208018753
64.66219216915526
131.69296280604513
58.50388815304523
122.21864893510664
57.08274107240446
113.691766451262
58.03017245949831
