61.184633391195995
131.52081451184438
63.276415729356536
113.21771905293959
65.89114365205722
95.43756917857495
69.55176274383818
77.6574193042103
76.87300092740008
61.969051768006196
88.3778037872831
47.84952098542251
101.97438898532666
35.29882695645922
118.18570210607089
23.79402409657622
135.4429063958954
19.08751383571499
152.70011068571992
23.271078512036084
167.34258705284373
35.29882695645922
179.3703354972669
49.41835773904292
189.82924718806962
64.58377969070688
196.10459420255125
81.84098398053139
198.1963765407118
100.14407943943617
199.7652132943322
117.92422931380082
200.81110446341248
135.70437918816546
73.73532742015927
148.77801880166888
83.67129352642186
155.05336581615052
95.17609638630488
155.57631140069066
107.72679041526816
154.53042023161038
119.23159327515117
149.82390997074916
147.99360042485867
148.77801880166888
159.4984032847417
153.48452906253013
171.0032061446247
155.05336581615052
183.03095458904784
155.05336581615052
192.4439751107703
149.30096438620902
134.3970152268151
136.2273247727056
134.91996081135525
122.63073957466206
135.4429063958954
109.0341543766185
136.48879756497567
95.43756917857495
120.27748444423143
92.82284125587427
127.59872262779335
89.68516774863345
135.96585198043553
86.02454865685249
143.8100357485376
89.68516774863345
150.08538276301923
93.86873242495453
88.3778037872831
137.27321594178588
96.22198755538516
142.50267178718724
105.63500807710761
141.9797262026471
113.47919184520966
135.18143360362532
104.58911690802734
134.13554243454504
95.69904197084502
134.13554243454504
153.22305627026006
135.70437918816546
161.0672400383621
143.02561737172738
170.48026056008456
143.54856295626752
177.80149874364648
138.31910711086616
171.0032061446247
135.70437918816546
162.11313120744236
135.18143360362532
99.35966106262597
78.18036488875043
112.95624626066952
80.27214722691097
126.02988587417293
80.27214722691097
135.4429063958954
78.70331047329057
144.85592691761786
81.31803839599125
156.36072977750086
81.84098398053139
168.91142380646414
80.79509281145111
157.92956653112128
64.58377969070688
146.42476367123828
56.73959592260483
136.48879756497567
54.647813584444286
126.02988587417293
55.69370475352456
112.43330067612939
63.537888521626606
103.02028015440693
77.13447371967015
126.02988587417293
75.04269138150961
135.4429063958954
74.51974579696947
144.85592691761786
76.08858255058989
164.72785913014306
79.22625605783071
145.378872502158
64.06083410616674
135.96585198043553
61.969051768006196
126.02988587417293
63.01494293708647
