55.42916264121729
139.81016469771325
56.41896911695331
119.51913194512478
58.398582068425355
99.72300243040432
60.378195019897404
80.42177615355187
67.30684035004957
62.110356352435446
78.68961482101383
46.273452740659074
92.54690548131815
32.91106531822277
108.38380909309451
21.5282908472585
125.21051918060691
18.06396818218242
142.0372292681193
22.518097322994524
156.38942316629164
33.40596855609078
170.24671382659596
46.273452740659074
181.1345850596922
61.61545311456743
187.07342391410836
79.43196967781584
190.53774657918441
98.23829271680029
193.0122627685245
118.52932546938875
194.0020692442605
139.31526145984523
68.29664682578559
146.7388100278654
79.18451805888184
151.19293916867753
92.05200224345013
149.21332621720546
103.92967995228241
144.75919707639338
116.30226089898271
139.81016469771325
142.0372292681193
141.2948744113173
154.4098102148196
146.2439067899974
166.28748792365187
150.2031326929415
178.66006887035215
150.2031326929415
187.56832715197635
143.76939060065735
129.169745083551
128.92229346461698
129.169745083551
116.5497125179167
129.664648321419
103.6822283333484
129.664648321419
90.81474414878011
115.31245442324668
84.38100205649596
121.74619651553083
81.41158262928789
128.67484184568298
79.43196967781584
135.10858393796715
81.41158262928789
141.0474227923833
83.88609881862794
83.63864719969395
132.38661612969307
91.55709900558213
136.34584203263717
101.45516376294236
135.35603555690113
109.37361556883054
127.93248698888097
100.46535728720633
126.94268051314495
90.5672925298461
127.43758375101297
146.98626164679942
127.93248698888097
154.9047134526876
135.35603555690113
164.30787497217983
135.85093879476915
171.73142354019998
131.39680965395706
165.29768144791583
126.94268051314495
155.89451992842362
126.44777727527693
99.47555081147031
66.06958225537953
111.3532285203026
67.05938873111556
121.74619651553083
67.55429196898358
128.67484184568298
65.57467901751153
135.60348717583514
67.55429196898358
144.51174545745937
66.56448549324755
153.42000373908357
65.07977577964351
144.51174545745937
54.68680778441527
135.60348717583514
50.72758188147118
127.68503536994697
49.73777540573516
119.76658356405878
50.232678643603165
109.86851880669856
54.68680778441527
103.92967995228241
64.0899693039075
121.74619651553083
60.1307434009634
128.179938607815
59.63584016309539
135.60348717583514
60.1307434009634
148.96587459827145
63.59506606603948
135.10858393796715
61.61545311456743
127.68503536994697
60.62564663883141
120.75639003979481
61.12054987669942
