47.20740515656999
131.15871845047022
49.640776556393185
110.71839869195539
53.04749651614566
91.73810177333446
55.96754219593349
72.2711305747489
62.78098211543844
55.237530775986535
75.43451339451906
40.63730237704736
91.0080903533875
28.957119657896023
108.52836443211451
19.223634058603242
126.53531279080616
17.276936938744687
143.08223830960387
20.19698261853252
158.16914098850768
31.87716533768386
171.7960208275176
45.01737089672911
181.52950642681037
60.104273575632924
185.9095749464921
77.13787337439528
187.36959778638604
95.63149601305157
189.3162949062446
113.63844437174322
191.26299202610315
132.61874129036414
62.78098211543844
137.48548409001054
72.51446771473123
146.24562112937403
86.14134755374111
148.67899252919722
100.25490167271565
147.21896968930332
113.88178151172553
143.3255754495862
139.18884406988676
142.83890116962155
151.84237534896738
147.70564396926795
164.495906628048
150.62568964905577
177.1494379071286
147.70564396926795
183.96287782663356
137.97215836997518
127.50866135073544
129.21202133061166
127.99533563070007
118.01851289142498
128.48200991066471
106.33833017227363
129.45535847059398
94.17147317315765
115.82847863158409
84.92466185382952
122.1552442711244
82.97796473397096
128.48200991066471
81.51794189407704
134.32210127024038
82.97796473397096
139.18884406988676
84.92466185382952
81.76127903405936
129.21202133061166
90.03474179345822
133.10541557032877
99.28155311278637
133.5920898502934
106.58166731225595
127.75199849071775
98.79487883282172
125.8053013708592
89.54806751349359
125.8053013708592
143.56891258956853
127.2653242107531
151.35570106900275
132.61874129036414
160.6025123883309
133.10541557032877
167.41595230783582
128.72534705064703
161.08918666829553
124.83195281092992
152.329049628932
125.31862709089455
102.2015987925742
62.05097069549148
112.90843295179626
63.510993535385396
121.66856999115976
64.97101637527932
127.02198707077079
62.53764497545612
132.37540415038183
64.48434209531467
140.16219262981605
62.05097069549148
148.92232966917956
60.59094785559756
140.64886690978068
54.750856496021896
132.86207843034646
52.804159376163334
127.02198707077079
52.317485096198695
121.18189571119512
53.29083365612797
112.42175867183163
56.21087933591581
106.58166731225595
61.56429641552684
121.66856999115976
61.0776221355622
127.02198707077079
59.130925015703646
132.37540415038183
60.104273575632924
144.5422611494978
60.104273575632924
132.37540415038183
61.0776221355622
127.02198707077079
60.104273575632924
121.18189571119512
61.0776221355622
