74.05356231649402
154.55876074389474
77.41963333088012
135.4843583290402
82.46873985245925
118.09299142137873
86.39582270257637
100.70162451371725
92.00594105988651
83.31025760605577
102.10415410304479
67.60192620558735
115.00742632485814
54.698653983773994
130.15474588959555
44.60044094061572
146.424089125795
41.79538176196064
163.25444419772546
45.161452776346735
177.84075192673185
54.698653983773994
190.7440241485452
67.60192620558735
200.28122535597248
82.74924577032476
206.45235554901365
99.57960084225522
210.94045023486177
117.53197958564772
214.86753308497887
135.4843583290402
218.79461593509598
153.99774890816371
80.78570434526621
164.09596195132198
90.88391738842448
170.26709214436315
103.22617777450682
170.82810398009417
115.00742632485814
168.02304480143908
126.22766303947846
163.53495011559096
158.76634951187734
165.21798562278403
171.6696217336907
170.82810398009417
185.13390579123507
172.5111394872872
198.03717801304842
169.70608030863215
208.1353910562067
163.53495011559096
142.4970062756779
148.94864238658457
141.93599443994688
136.60638200050224
141.93599443994688
123.70310977868888
141.37498260421586
111.36084939260654
130.71575772532657
103.50668369237233
136.32587608263674
101.82364818517928
142.4970062756779
100.14061267798624
148.10712463298805
101.82364818517928
154.2782548260292
103.50668369237233
95.93302391000363
147.26560687939153
103.78718961023783
152.87572523670167
114.44641448912714
152.31471340097067
122.86159202509236
145.02155953646746
113.88540265339611
142.21650035781238
103.22617777450682
141.65548852208138
164.3764678691875
145.5825713721985
173.35265724088373
152.87572523670167
183.45087028404203
152.87572523670167
191.30503598427623
146.7045950436605
184.01188211977302
141.65548852208138
173.91366907661475
142.21650035781238
119.49552101070627
79.94418659166969
127.9106985466715
84.99329311324882
136.32587608263674
87.7983522919039
143.0580181114089
85.55430494897983
150.91218381164313
87.7983522919039
160.44938501907038
85.55430494897983
170.54759806222867
81.06621026313172
161.0103968548014
72.65103272716648
152.03420748310515
69.2849617127804
144.18004178287094
68.16293804131837
136.88688791836773
68.72394987704938
128.4717103824025
71.52900905570445
123.42260386082337
79.94418659166969
136.88688791836773
82.18823393459375
143.61902994713992
81.62722209886273
150.91218381164313
82.74924577032476
166.05950337638055
81.06621026313172
151.47319564737415
76.5781155772836
143.61902994713992
74.89508007009054
136.88688791836773
76.01710374155257
