36.70974360048292
119.77730444003723
38.12165681588611
100.4811571628603
41.41612098516022
80.71437214721566
46.593136108305245
61.418224870038735
56.476528616127574
44.47526628520046
71.53693624709493
31.29740960810403
88.4798948319332
20.002103884878515
107.30540437064238
11.530624592459379
124.24836295548066
10.58934911552392
138.36749510951256
17.178277454072138
147.30961214039942
31.76804734657176
155.31045369435083
46.35781723907138
161.4287442944313
60.947587131571005
166.1351216791086
76.00799476253836
170.37086132531817
90.59776465503798
170.8414990637859
105.1875345475376
169.42958584838271
119.3066667015695
64.00673243161124
136.7202630248755
75.30203815483677
142.83855362495598
88.95053257040092
144.7211045788269
102.12838924749735
143.3091913634237
116.24752140152926
139.07345171721414
139.30877058644802
139.07345171721414
148.25088761733488
144.7211045788269
157.66364238668947
146.60365553269781
166.60575941757634
146.13301779423008
171.31213680225363
139.54408945568187
128.01346486322248
124.95431956318225
129.89601581709343
112.71773836302128
131.30792903249662
100.4811571628603
133.19047998636754
88.71521370116706
116.24752140152926
81.18500988568339
122.83644974007747
78.83182119334474
129.42537807862567
76.94927023947382
134.60239320177072
78.36118345487701
138.8381328479803
80.71437214721566
81.42032875491725
124.95431956318225
89.89180804733638
130.13133468632728
100.24583829362643
129.19005920939182
106.83476663217465
122.13049313237588
98.83392507822325
120.71857991697269
88.95053257040092
121.18921765544042
136.95558189410937
121.65985539390815
144.95642344806078
129.66069694785955
154.36917821741537
129.66069694785955
160.01683107902812
124.95431956318225
154.8398159558831
120.71857991697269
145.89769892499623
120.24794217850496
94.12754769354595
59.06503617770009
107.77604210911011
66.59523999318377
121.42453652467428
68.94842868552242
128.95474034015794
68.00715320858696
135.54366867870618
68.94842868552242
143.07387249418986
66.59523999318377
147.30961214039942
60.947587131571005
142.60323475572213
47.76973045447457
134.60239320177072
42.59271533132954
127.54282712475477
41.180802115926355
119.07134783233563
41.180802115926355
105.89349115523919
46.35781723907138
98.36328733975552
58.59439843923236
120.95389878620655
61.888862608506464
128.4841026016902
61.888862608506464
135.07303094023845
62.359500346974194
142.60323475572213
60.006311654635546
134.60239320177072
52.946745577619595
128.01346486322248
51.534832362216406
120.01262330927109
51.534832362216406
