60.512277329047095
139.27825814991417
61.512480260105725
119.7743009942709
64.01298758775229
101.27054676968625
65.51329198434024
81.76658961404297
70.51430663963339
64.26303832051696
82.01664034680763
49.259994354637506
96.01948138162844
36.257356250875326
112.02272827856652
24.25492107817177
128.5260766410339
20.754210819466564
146.02962793455993
23.254718147113138
162.032874831498
34.256950388758064
177.03591879737743
48.25979142357888
189.5384554356103
63.762936854987636
195.5396730219621
81.76658961404297
198.54028181513797
101.77064823521556
201.04078914278455
121.77470685638816
203.04119500490182
142.27886694309007
68.01379931198682
143.77917133967802
79.01603155363173
149.7803889260298
92.51877112292324
149.7803889260298
105.52140922668542
146.7797801328539
117.52384439938898
141.77876547756074
138.5281059516202
142.27886694309007
151.5307440553824
146.7797801328539
165.0334836246739
150.2804903915591
179.0363246594947
151.28069332261774
191.03875983219825
145.77957720179526
127.52587370997527
131.77673616697444
127.02577224444596
118.27399659768295
126.52567077891665
103.77105409733282
126.52567077891665
89.768213062512
115.0233370717424
84.76719840721886
121.02455465809419
81.76658961404297
127.52587370997527
79.2660822863964
134.52729422738568
81.76658961404297
140.52851181373745
84.76719840721886
85.01724913998352
133.77714202909172
93.01887258845255
136.7777508222676
102.52080043350954
135.77754789120897
110.52242388197857
129.7763303048572
101.52059750245091
128.77612737379857
92.01866965739393
129.27622883932787
147.52993233114788
129.27622883932787
155.5315557796169
135.77754789120897
165.0334836246739
136.7777508222676
173.53520853867224
133.2770405635624
166.03368655573252
129.27622883932787
156.53175871067555
128.27602590826925
101.02049603692159
68.26385004475148
110.52242388197857
68.26385004475148
119.52425026150624
69.76415444133941
127.02577224444596
67.26364711369284
134.02719276185638
69.2640529758101
144.02922207244268
66.76354564816353
155.0314543140876
65.7633427171049
144.02922207244268
56.761516337577234
134.02719276185638
52.2606031478134
126.02556931338734
51.76050168228409
118.02394586491829
53.26080607887203
109.52222095091994
58.26182073416518
105.02130776115611
66.26344418263422
119.02414879597693
63.762936854987636
127.02577224444596
62.26263245839969
134.52729422738568
62.76273392392901
150.53054112432375
64.26303832051696
134.02719276185638
62.26263245839969
126.52567077891665
61.26242952734106
119.02414879597693
63.262835389458324
