70.9433126959085
135.506831084631
69.41216206218387
119.68494120280968
70.9433126959085
103.86305132098836
73.49523041878291
87.02039435001727
77.57829877538197
70.17773737904619
85.74443548858007
54.86623104179974
95.9521063800777
40.06510824912819
107.69092790529996
26.79513609018127
124.02320133169617
21.691300644432456
141.886625391817
23.222451278157102
160.7708165410876
31.3885879913552
179.14462414578335
42.617025972002594
194.4561304830298
55.88699813094951
203.13265074080277
73.24003864649548
207.72610264197672
93.14499688491584
210.27802036485113
113.04995512333622
212.31955454315064
132.44452981718172
72.98484687420803
148.26641969900302
81.66136713198101
153.88063868932673
92.88980511262841
152.85987160017697
103.60785954870092
149.2871867881528
114.32591398477342
143.6729677978291
141.37624184724214
145.71450197612862
152.60467982788953
152.34948805560208
164.85388489768667
155.92217286762624
177.6134735120587
155.92217286762624
189.35229503728098
149.79757033272767
125.5543519654208
134.48606399548123
123.51281778712129
121.21609183653432
121.47128360882176
107.9461196775874
119.42974943052224
94.67614751864049
108.20131144987485
91.10346270661633
114.32591398477342
87.53077789459215
121.98166715339664
84.46847662714286
130.65818741116962
87.02039435001727
139.3347076689426
89.0619285283168
85.74443548858007
135.506831084631
93.40018865720329
139.58989944123005
102.58709245955116
139.07951589665518
110.24284562817436
133.46529690633147
101.56632537040139
132.44452981718172
92.37942156805353
132.95491336175658
149.03199501586536
132.44452981718172
158.2188988182132
138.0587488075054
167.40580262056108
138.0587488075054
176.08232287833405
133.46529690633147
168.42656970971083
130.91337918345707
158.7292823627881
130.91337918345707
97.99364055837722
78.85425763681917
106.15977727157532
79.87502472596893
115.34668107392318
79.87502472596893
123.0024342425464
77.32310700309452
131.67895450031938
78.85425763681917
146.48007729299096
76.81272345851964
162.81235071938715
74.26080573564523
146.99046083756582
60.48045003212344
132.18933804489427
54.86623104179974
122.49205069797152
54.355847497224865
113.81553044019854
56.397381675524386
105.13901018242557
64.0531348441476
102.58709245955116
76.30233991394476
114.8362975293483
73.75042219107036
122.49205069797152
72.2192715573457
131.67895450031938
72.7296551019206
158.2188988182132
73.24003864649548
132.18933804489427
64.0531348441476
122.49205069797152
64.0531348441476
114.8362975293483
66.60505256702201
