34.88456575410843
109.29025347014984
37.09244966259631
89.41929829375896
40.18348713447933
69.1067663356705
44.59925495145508
49.23581115927962
54.31394414880173
31.572739891376617
67.56124759972899
17.442282877054215
83.0164349591441
5.961286552917263
100.67950622704711
-1.5455187359415128
117.90100071325254
-1.9870955176390879
131.58988094587738
3.311825862731813
139.09668623473615
16.559129313659064
146.16191474189733
32.01431667307419
152.3439896856634
47.46950403248932
158.08448784773188
63.36626817360202
162.05867888301006
79.7046090964123
162.9418324464052
96.48452680092015
161.61710210131247
112.38129094203285
56.96340483898718
123.8622872661698
68.00282438142656
131.36909255502857
81.25012783235381
134.9017068086092
95.38058484667621
134.9017068086092
108.62788829760346
130.48593899163345
128.94042025569192
131.36909255502857
136.88880232624828
136.66801393539947
146.16191474189733
138.87589784388737
154.55187359415126
137.99274428049222
160.7339485379173
131.81066933672616
120.10888462174042
116.35548197731103
122.31676853022829
105.75763921656923
124.52465243871617
94.71821967412986
127.17411312890162
83.67880013169048
109.06946507930104
75.73041806113413
116.57627036815981
73.52253415264624
123.64149887532102
71.31465024415837
128.94042025569192
73.52253415264624
133.35618807266766
77.05514840622685
73.30174576179746
113.264444505428
81.69170461405139
119.88809623089163
90.96481702970047
119.44651944919406
98.47162231855924
111.49813737863771
90.08166346630532
111.05656059694013
81.25012783235381
111.49813737863771
130.26515060078464
113.70602128712558
137.33037910794584
122.0959801393795
145.72033796019977
123.42071048447224
151.46083612226826
117.68021232240376
146.60349152359493
115.03075163221831
138.65510945303856
114.14759806882316
81.25012783235381
54.09315575795294
94.93900806497864
62.924691391904446
110.83577220609135
65.5741520820899
120.55046140343799
64.24942173699718
128.94042025569192
66.45730564548505
137.33037910794584
64.69099851869474
141.7461469249216
56.30103966644082
136.88880232624828
37.31323805344509
128.49884347399436
27.598548856098443
119.22573105834527
25.390664947610567
109.06946507930104
25.83224172930814
93.17270093818834
34.22220058156207
83.89958852253926
53.65157897625537
110.83577220609135
59.39207713832385
120.55046140343799
58.95050035662627
128.49884347399436
60.275230701718996
138.213532671341
55.859462884743245
128.05726669229676
37.75481483514267
119.22573105834527
35.10535414495722
109.51104186099862
35.546930926654795
