70.66772510056882
128.33062579026907
71.15847319154499
111.6451906970792
73.12146555544967
95.45050369486552
76.55670219228288
78.76506860167565
80.97343501106843
62.57038159946197
88.82540446668719
48.33868696115297
98.64036628621064
35.57923659577249
110.41832046963877
23.310534321368184
125.63151128990012
18.893801502582633
142.80769447406615
20.36604577551115
161.94687002213686
29.690259504058425
178.63230511532672
41.46821368748656
192.37325166265956
57.172152598724075
200.71596920925447
75.32983196484246
205.6234501190162
94.95975560388935
209.0586867558494
115.08042733391241
210.53093102877793
135.2010990639355
69.1954808276403
142.56232042857806
76.55670219228288
146.97905324736362
85.88091592083016
146.48830515638744
96.18662583132978
144.52531279248274
106.4923357418294
140.59932806467336
132.01123647259035
141.58082424662572
147.2244272928517
145.5068089744351
161.45612193116068
146.97905324736362
175.19706847849352
145.5068089744351
187.956518843874
141.58082424662572
119.25178610720988
128.33062579026907
118.7610380162337
115.57117542488858
117.77954183428136
102.32097696853192
116.79804565232901
89.56152660315145
109.43682428768643
83.67254951143738
113.85355710647198
80.72806096558034
119.25178610720988
78.76506860167565
126.12225938087629
80.72806096558034
132.9927326545427
82.69105332948503
81.95493119302078
130.29361815417374
88.82540446668719
135.2010990639355
98.64036628621064
134.7103509729593
106.98308383280556
126.85838151734055
97.6588701042583
125.38613724441203
87.84390828473485
125.8768853353882
143.2984425650423
126.85838151734055
151.64116011163725
134.21960288198312
161.94687002213686
134.7103509729593
170.2895875687318
129.3121219722214
162.9283662040892
124.89538915343586
152.62265629358959
124.89538915343586
101.0941067410915
64.04262587239049
106.98308383280556
67.4778625092237
114.34430519744815
68.45935869117604
120.23328228916222
66.49636632727135
127.10375556282862
67.4778625092237
137.40946547332825
65.02412205434283
150.16891583870873
61.098137326533454
136.91871738235207
53.2461678709147
126.12225938087629
50.30167932505766
119.25178610720988
49.810931234081494
112.38131283354346
51.28317550701001
106.00158765085322
55.69990832579556
105.51083955987706
62.57038159946197
114.34430519744815
61.58888541750962
120.23328228916222
60.607389235557285
127.10375556282862
60.607389235557285
144.77068683797083
60.607389235557285
126.12225938087629
60.607389235557285
119.25178610720988
60.11664114458111
112.87206092451963
61.58888541750962
