30.59953740617432
113.68905051678612
34.83639643164461
94.38780384519924
40.01477968499719
76.02808140149466
47.07621139411434
58.13912107173121
59.78678847052521
42.603971311673476
77.20498668634751
31.776442691027178
96.50623335793439
24.715010981910027
115.80748002952127
19.065865614616307
133.69644035928474
16.712055044910592
148.76082800540132
19.065865614616307
156.29302182845962
29.422632121321463
161.00064296787104
44.01625765349691
161.94216719575334
60.492931641436925
163.35445353757675
75.55731928755351
164.29597776545904
91.09246904761125
163.35445353757675
105.21533246584555
159.5883566260476
117.45514742831527
64.0236474959955
135.34410775807874
75.79270034452409
144.7593500369016
91.32785010458181
149.46697117631302
107.3337619785807
149.46697117631302
121.92738751075613
143.34706369507816
134.16720247322587
140.5224910114313
143.1116826381076
143.8178258090193
152.52692491693045
143.34706369507816
160.5298808539299
139.11020466960787
163.35445353757675
129.694962390785
129.93034344775558
128.7534381629027
134.16720247322587
119.808957998021
138.8748236126373
110.86447783313928
144.0532068659899
101.4492355543164
121.92738751075613
85.91408579425867
129.93034344775558
84.0310373384941
137.46253727081387
82.61875099667067
142.1701584102253
83.56027522455295
146.4070174356956
86.38484790819982
82.85413205364124
126.87038970713814
91.79861221852296
130.6364866186673
99.8015681555224
130.6364866186673
106.86299986463955
124.51657913743243
99.33080604158125
124.51657913743243
90.85708799064068
124.98734125137358
136.99177515687273
122.16276856772672
144.0532068659899
125.45810336531471
150.17311434722475
124.98734125137358
154.40997337269502
120.27972011196213
149.7023522332836
118.8674337701387
143.1116826381076
120.27972011196213
106.86299986463955
60.96369375537807
120.51510116893272
65.20055278084835
130.87186767563787
68.49588757843637
136.99177515687273
67.08360123661294
140.75787206840187
67.55436335055408
145.4654932078133
62.84674221114264
148.29006589146016
54.843786274143206
144.99473109387216
52.01921359049634
140.28710995446073
52.48997570443749
136.05025092899044
53.431499932319774
129.93034344775558
53.902262046260915
120.04433905499157
55.785310502025496
111.09985889010984
60.492931641436925
130.4011055616967
62.84674221114264
136.52101304293157
61.90521798326036
140.28710995446073
61.434455869319216
146.4070174356956
56.25607261596664
140.28710995446073
58.13912107173121
136.52101304293157
59.080645299613494
130.4011055616967
60.022169527495784
