75.00572486735855
127.55907814613279
73.03189000242806
111.76839922668889
72.53843128619543
94.99080287477975
72.53843128619543
77.71974780663797
76.97955973228903
60.4486927384962
84.38144047577836
45.64493125151754
93.75715608419819
31.82808719700412
104.61324784131587
19.985078007421194
119.41700932829453
14.55703212886235
137.1815231126689
16.037408277560218
154.9460368970433
22.452371588584302
172.2170919651851
32.32154591323674
188.007770884629
45.64493125151754
198.8638626417467
62.42252760342669
204.29190852030553
81.66741753649895
205.7722846690034
101.40576618580383
207.74611953393386
120.65065611887609
77.47301844852166
137.42825247078522
82.40760561084788
147.29742679543767
94.25061480043081
151.7385552415313
106.09362399001374
150.75163780906604
117.44317446336404
146.31050936297243
137.67498182890154
145.8170506467398
151.49182588341498
149.7647203766008
166.29558737039363
149.27126166036817
179.1255139924418
143.3497570655767
188.50122960086162
132.49366530845901
124.35159649062075
132.98712402469164
121.88430290945765
124.10486713250444
119.91046804452715
115.22261024031725
116.94971574713142
105.3534359156648
106.09362399001374
94.99080287477975
112.50858730103782
93.51042672608187
119.41700932829453
91.5365918611514
127.8058075042491
93.01696800984925
137.1815231126689
94.0038854423145
87.83565148940673
130.51983044352852
94.25061480043081
133.48058274092426
101.65249554392014
132.49366530845901
109.54783500364209
128.05253686236543
101.15903682768752
128.54599557859805
93.75715608419819
128.54599557859805
146.55723872108874
127.06561942990018
153.95911946457807
130.51983044352852
162.34791764053264
130.51983044352852
170.73671581648722
127.06561942990018
162.34791764053264
126.07870199743493
154.4525781808107
126.07870199743493
93.75715608419819
76.23937165794011
102.14595426015276
81.66741753649895
112.50858730103782
83.14779368519682
121.39084419322502
81.17395882026632
130.2731010854122
82.65433496896419
145.07686257239087
80.6805001040337
158.8937066269043
73.77207807677699
146.0637800048561
56.50102300863522
131.26001851787746
49.59260098137852
121.39084419322502
49.09914226514589
111.52166986857257
51.07297713007638
101.15903682768752
59.46177530603096
97.70482581405916
75.25245422547486
112.0151285848052
78.21320652287059
120.8973854769924
76.73283037417272
130.2731010854122
77.22628909040534
155.93295432950856
73.77207807677699
131.26001851787746
57.98139915733309
121.88430290945765
57.48794044110047
112.50858730103782
59.955234022263575
