46.36159679038816
129.86232219243135
46.860108583833195
110.91887404152006
48.85415575761333
91.47691409716373
52.8422501051736
73.53048953314251
59.82141521340407
55.584064969121286
71.78569825608488
40.62871116577027
87.73807564632598
28.664428123089454
106.18301200379224
20.68823942796891
125.62497194814856
19.192704047633807
142.5743729252797
22.682286601749045
156.03419134829562
33.15103426409476
166.0044272171963
46.61085268711068
172.9835923254268
63.560253664241834
174.97763949920693
82.00519002170809
177.4701984664321
99.45310279228428
179.96275743365726
117.3995273563055
179.96275743365726
134.34892833343665
64.80653314785441
140.33106985477707
74.7767690167551
150.30130572367773
89.23361102666108
152.2953528974579
104.1889648300121
149.8027939302327
118.64580683991808
145.81469958267243
134.59818423015918
145.81469958267243
146.56246727284
151.29832931056782
159.52377390241088
154.78791186468305
171.98656873853673
153.790888277793
177.96871025987713
142.82362882200223
128.61604270881875
136.34297550721678
129.61306629570882
124.37869246453597
131.10860167604395
112.91292121530019
133.10264884982408
100.94863817261938
115.15622428580285
90.9784023037187
122.63390118747836
89.4828669233836
130.6100898825989
86.99030795615843
137.09074319738434
88.98435512993856
142.07586113183467
91.47691409716373
81.25742233154054
131.35785757276645
90.23063461355115
134.84744012688168
99.7023586890068
135.84446371377175
107.67854738412734
130.85934577932142
99.7023586890068
127.36976322520619
89.73212282010611
127.36976322520619
141.57734933838964
131.85636936621148
151.0490734138453
137.33999909410687
160.0222856958559
137.8385108875519
166.0044272171963
133.35190474654658
160.52079748930095
128.86529860554128
151.54758520729033
129.36381039898632
100.69938227589687
63.560253664241834
111.6666417316876
66.55132442491204
121.13836580714326
70.04090697902727
128.11753091537372
68.04685980524714
134.59818423015918
70.04090697902727
142.07586113183467
67.5483480118021
150.05204982695523
63.560253664241834
142.07586113183467
57.578112142901425
134.59818423015918
55.584064969121286
128.11753091537372
55.08555317567625
120.63985401369823
55.584064969121286
111.16812993824257
58.07662393634646
105.6845002103472
63.560253664241834
121.13836580714326
65.05578904457694
128.11753091537372
64.5572772511319
134.59818423015918
65.05578904457694
146.56246727284
63.560253664241834
134.59818423015918
64.5572772511319
128.11753091537372
64.05876545768686
121.13836580714326
64.5572772511319
