46.2970102067774
121.64775641066511
47.714265621270584
103.2234360222537
50.54877645025696
85.27153410534001
52.438450336247875
66.37479524543086
58.10747199422062
48.42289332851718
69.4455153101661
33.30550224058987
85.50774334108887
22.43987739614211
103.93206372950029
15.35360032367618
122.82880258940943
13.463926437685265
140.78070450632313
16.298437266671638
155.89809559425044
24.80196975363075
168.65339432468912
36.140013069576234
178.10176375464368
49.84014874301037
183.2983669411187
66.8472137169286
185.66045929860732
84.32669716234456
187.55013318459825
101.80618060776051
188.96738859909144
119.7580825246742
64.24891212369108
136.2927290270947
74.64211849664112
143.37900609956063
87.39741722707979
145.26867998555153
100.15271595751847
144.3238430425561
111.96317774496167
139.5996583275788
133.6944274338572
139.5996583275788
144.56005227830494
144.3238430425561
156.8429325372459
145.26867998555153
168.65339432468912
142.43416915656516
177.62934528314594
135.82031055559696
123.30122106090717
128.26161501163332
123.30122106090717
117.86840863868328
123.77363953240489
107.47520226573326
124.24605800390262
97.08199589278323
109.60108538747303
86.6887895198332
116.21494398844123
84.79911563384228
122.82880258940943
82.43702327635364
129.44266119037763
84.79911563384228
135.58410131984812
86.6887895198332
78.42146626862295
124.95468571114921
86.45258028408433
128.26161501163332
95.42853124254117
127.78919654013558
102.5148083150071
123.0650118251583
94.48369429954572
122.12017488216284
85.9801618125866
122.12017488216284
140.3082860348254
122.59259335366056
147.86698157878905
127.31677806863786
156.37051406574815
126.84435959714013
163.92920960971182
123.0650118251583
156.8429325372459
121.17533793916738
148.81181852178452
121.17533793916738
90.70434652756389
66.37479524543086
102.98722678650483
72.04381690340361
114.79768857394805
73.4610723178968
122.82880258940943
71.57139843190588
131.33233507636854
73.4610723178968
142.19795992081632
71.57139843190588
152.1187478222686
65.90237677393314
143.14279686381175
53.14707804349447
132.277172019364
48.42289332851718
123.30122106090717
47.95047485701945
114.79768857394805
49.367730271512634
102.5148083150071
54.56433345798765
94.95611277104345
66.37479524543086
114.79768857394805
67.79205065992406
122.82880258940943
66.8472137169286
131.33233507636854
67.31963218842633
147.86698157878905
65.42995830243541
131.80475354786628
55.981588872480835
123.30122106090717
55.03675192948538
114.79768857394805
56.92642581547629
