37.77750208443568
126.15820140543028
40.109446657549
105.17070024741045
43.8405579745303
84.6495880040133
48.97083603537959
65.99403141910678
57.83222541321018
48.737641578068256
70.89111502264474
33.346807395520386
86.74833811981527
20.754306700708494
104.47111687547645
11.892917322877901
121.72750671651498
10.493750579009912
136.18556306981753
14.691250810613877
148.31167485000677
27.283751505425773
159.50500880095066
41.27541894410565
167.9000092641586
56.66625312665352
174.42945406887588
72.98986513844672
178.16056538585718
88.84708823561725
180.02612104434783
105.17070024741045
180.95889887359314
122.42709008844898
59.23139215707817
133.62042403939287
70.42472610802207
142.48181341722346
84.41639354670195
146.67931364882745
98.8744499000045
145.28014690495945
112.39972842406172
140.61625775873281
137.11834089906284
139.21709101486482
148.31167485000677
142.0154245026008
159.97139771557332
142.0154245026008
170.2319538372719
138.2843131856195
175.3622318981212
129.42292380778892
125.92500694811895
124.29264574693963
126.85778477736427
111.70014505212772
128.25695152123225
100.04042218656116
129.1897293504776
87.44792149174927
112.39972842406172
79.98569885778666
119.86195105802433
78.12014319929601
127.32417369198693
75.78819862618269
133.38722958208155
77.65375428467335
138.51750764293084
80.45208777240933
78.35333765660734
124.75903466156228
86.74833811981527
128.95653489316626
96.54250532689119
128.49014597854358
104.0047279608538
122.42709008844898
96.07611641226853
121.49431225920365
86.2819492051926
121.49431225920365
137.11834089906284
121.49431225920365
144.58056353302544
127.0909792346756
153.44195291085606
126.62459032005293
160.437786630196
122.42709008844898
153.90834182547871
120.09514551533566
145.51334136227078
120.09514551533566
95.60972749764586
58.06541987052152
108.20222819245775
61.796531187502815
119.39556214340166
64.12847576061613
126.85778477736427
62.26292010212548
133.38722958208155
64.12847576061613
140.84945221604414
62.72930901674814
146.91250810613877
60.39736444363483
140.3830633014215
50.603197236558906
133.38722958208155
45.47291917570962
125.92500694811895
44.07375243184163
118.46278431415634
44.07375243184163
107.7358392778351
48.271252663445594
100.27361664387249
57.132642041276185
119.39556214340166
58.99819769976684
126.3913958627416
58.53180878514418
133.38722958208155
59.4645866143895
142.24861895991214
59.4645866143895
133.38722958208155
54.33430855354021
125.92500694811895
52.46875289504956
118.929173228779
52.935141809672224
