63.67832737468059
144.46033772189938
65.25712887983796
124.98845249162514
68.41473189015271
105.5165672613509
71.04606773208165
86.57094919946246
75.78247224755377
68.15159830595981
86.83408278365536
52.8898504227719
100.5170291616859
40.78570554989873
116.83131138164539
30.260362182182927
134.72439510676224
27.102759171868186
152.6174788318791
30.260362182182927
168.4054938834528
41.311972718284515
182.08844026148336
53.94238475954348
192.61378362919916
69.2041326427314
197.87645531305705
86.57094919946246
201.0340583233718
105.5165672613509
204.7179285020723
123.93591815485355
206.82299717561548
142.881536216742
74.72993791078218
152.880612416072
84.72901411011219
160.24835277347307
97.88569331975695
160.77461994185884
111.0423725294017
157.61701693154413
123.14651740227487
152.3543452476862
146.82853997963542
150.77554374252884
158.9326848525086
156.03821542638676
172.08936406215335
158.6695512683157
184.7197761034123
158.1432840999299
195.2451194711281
151.8280780793004
135.25066227514804
140.25020037481303
134.72439510676224
128.14605550193988
134.72439510676224
116.0419106290667
134.72439510676224
104.46403292457933
123.14651740227487
96.04375823040668
128.40918908613276
93.93868955686352
134.72439510676224
92.35988805170615
141.03960112739173
94.46495672524931
146.82853997963542
96.57002539879247
88.93915145719852
140.25020037481303
97.35942615137115
144.46033772189938
107.35850235070117
143.40780338512778
114.72624270810223
137.09259736449832
105.7797008455438
135.51379585934095
96.30689181459958
135.51379585934095
155.77508184219386
137.09259736449832
163.6690893679807
142.881536216742
173.14189839892492
143.40780338512778
181.03590592471178
139.19766603804146
174.1944327356965
134.98752869095514
164.7216237047523
134.98752869095514
108.93730385585853
72.88800282143193
117.88384571841696
78.67694167367561
127.88292191774698
81.83454468399034
135.25066227514804
79.72947601044719
143.14466980093488
82.36081185237614
153.1437460002649
79.72947601044719
162.09028786282332
73.9405371582035
153.67001316865068
63.4151937904877
144.19720413770648
58.152522106629796
136.30319661191962
57.09998776985822
127.88292191774698
57.62625493824401
117.35757855003118
62.36265945371612
113.67370837133065
72.36173565304613
127.88292191774698
75.51933866336087
135.77692944353382
74.99307149497508
143.14466980093488
76.04560583174666
157.35388334735123
73.41426998981771
143.67093696932068
68.15159830595981
135.77692944353382
67.09906396918822
128.40918908613276
67.62533113757402
