58.21567575285907
129.18106561688148
57.73455446564536
112.3418205644016
59.65903961450021
95.021454224708
63.02688862499618
78.1822091722281
70.24370793320186
61.824085406961906
81.30949753911722
47.87156807776428
92.85640843224628
33.91905074856665
106.80892576144392
20.447654706582732
123.64817081392381
16.11756312165933
140.96853715361743
19.004290844941597
157.80778220609733
29.107837876429535
172.24142082250867
41.61699134398603
184.75057429006515
56.53175124761108
192.92963617269825
74.3332388745184
195.81636389598052
92.61584778863943
197.74084904483536
112.3418205644016
198.70309161926278
131.58667205295006
64.95137377385103
142.1713403716517
73.61155694369783
150.8315235414985
86.12071041125434
152.75600869035335
99.11098516602453
150.3504022542848
110.1767747719399
144.57694680772025
131.8272326965569
144.09582552050654
144.3363861641134
150.3504022542848
158.28890349331104
152.75600869035335
172.24142082250867
150.3504022542848
181.86384656678288
142.1713403716517
121.24256437785526
128.69994432966777
120.76144309064155
115.22854828768386
120.28032180342784
101.75715224569994
119.31807922900042
88.28575620371603
105.36556189980278
83.95566461879262
112.58238120800846
81.06893689551036
120.28032180342784
78.66333045944181
128.45938368606093
81.06893689551036
136.1573242814803
82.9934220443652
79.38501239026237
128.21882304245406
87.56407427289547
131.58667205295006
95.74313615552856
131.10555076573635
103.44107675094794
125.3320953191718
94.78089358110114
125.3320953191718
86.60183169846805
126.29433789359923
141.93077972804485
125.3320953191718
150.10984161067793
130.62442947852264
158.77002478052475
130.62442947852264
166.94908666315783
127.25658046802666
159.25114606773846
125.81321660638551
150.59096289789164
125.3320953191718
90.45080199617773
70.003147289595
101.03547031487938
72.40875372566356
112.10125992079475
72.88987501287727
120.76144309064155
70.96538986402243
129.90274754770206
72.40875372566356
144.3363861641134
70.96538986402243
157.80778220609733
68.07866214074015
145.29862873854083
52.20165966268768
131.3461114093432
45.46596164169572
121.72368566506897
44.5037190672683
111.62013863358104
45.94708292890943
101.03547031487938
53.64502352432881
93.81865100667372
68.55978342795386
111.62013863358104
67.59754085352644
120.28032180342784
66.15417699188531
129.90274754770206
67.11641956631273
154.43993319560133
67.11641956631273
131.3461114093432
54.126144811542524
121.24256437785526
53.64502352432881
112.10125992079475
55.08838738596995
