44.62876885516992
118.14879333763406
46.97765142649465
99.82750928130113
48.85675748355444
81.97600173923317
52.61496959767401
64.1244941971652
60.13139382591316
48.15209271215702
71.40603016827187
34.05879728420862
86.43887862475016
23.253937456114855
102.41128010975835
15.267736713610763
120.73256416609127
12.91885414228603
138.1142951938943
16.207289742140656
153.61692016463752
24.663266998909695
167.24043907832097
35.93790334126841
177.10574587788486
49.56142225495186
182.7430640490642
66.00360025422499
185.09194662038894
83.385331282028
186.50127616318377
100.76706230983103
188.38038222024358
118.618569851899
60.13139382591316
133.18164179411235
68.5873710826822
143.9865016222061
83.15044302489554
147.74471373632568
98.18329148137383
147.27493722206074
111.80681039505727
142.57717207941127
130.59787096565515
143.51672510794117
143.2818368508087
149.15404327912051
156.90535576449216
149.15404327912051
170.05909816391065
144.926054650736
176.6359693636199
134.5909713369072
121.67211719462115
128.01410013719794
122.1418937088861
116.73946379483921
122.61167022315105
105.46482745248049
123.08144673741599
93.72041459585684
108.9881513094676
84.3248843105579
115.0952459949119
81.97600173923317
122.1418937088861
80.09689568217338
128.71876490859535
81.50622522496822
134.82585959403966
83.385331282028
79.86200742504091
123.31633499454847
86.90865513901511
127.07454710866804
94.8948558815192
127.54432362293298
101.9415035954934
123.31633499454847
94.42507936725426
121.43722893748868
86.90865513901511
121.43722893748868
139.52362473668913
123.7861115088134
146.5702724506633
127.54432362293298
154.08669667890246
128.01410013719794
160.66356787861173
124.25588802307836
154.55647319316742
121.90700545175363
147.04004896492827
122.37678196601857
94.8948558815192
60.836058597310576
104.29038616681814
64.1244941971652
113.21613993785212
65.06404722569509
119.79301113756136
62.71516465437036
126.36988233727062
64.1244941971652
134.82585959403966
62.24538814010542
143.75161336507364
59.42672905451574
133.88630656550976
55.19874042613122
125.90010582300567
54.25918739760132
119.32323462329641
53.78941088333638
111.80681039505727
54.72896391186627
103.82060965255319
57.54762299745595
99.12284450990371
61.305835111575526
112.74636342358717
60.836058597310576
119.79301113756136
59.42672905451574
126.36988233727062
59.89650556878068
139.99340125095407
59.89650556878068
125.90010582300567
60.36628208304563
119.32323462329641
59.42672905451574
112.27658690932222
60.836058597310576
