29.913594953282587
127.36647851202352
31.315794716717708
106.3334820604967
34.58759416473299
86.23528545125995
41.5985929819086
67.53928860545834
54.68579077396973
51.64769128652697
71.97958785633622
38.09309357332079
90.67558470213784
28.277695229274947
109.8389814690845
19.86449664866422
125.73057878801588
18.462296885229097
137.88297673778692
23.1362960966795
145.82877539725263
36.69089380988567
152.83977421442822
50.71289144423689
159.3833731104588
65.66968892087819
164.99217216419927
79.22428663408435
168.7313715333596
92.77888434729053
169.19877145450465
106.3334820604967
167.32917176992447
119.88807977370287
61.69678959114534
139.05147654064953
74.31658746206143
145.5950754366801
88.80598501755769
146.52987527897017
102.8279826519089
143.72547575209992
116.38258036511507
138.11667669835944
143.95917571267245
136.71447693492433
152.83977421442822
140.92107622522968
161.720372716184
143.25807583095488
170.1335712967947
142.32327598866482
174.3401705871001
136.2470770137793
131.8067777629014
123.15987922171816
134.14377736862662
110.07268142965702
136.94817689549686
96.51808371645085
139.7525764223671
82.96348600324468
117.7847801285502
78.75688671293932
125.73057878801588
75.95248718606908
134.14377736862662
73.14808765919882
140.68737626465716
75.01768734377899
145.82877539725263
78.28948679179427
77.12098698893168
125.02947890629832
87.40378525412257
127.83387843316856
97.68658351931344
127.83387843316856
106.09978209992418
121.29027953713799
96.28438375587832
119.88807977370287
86.00158549068745
120.35547969484792
142.55697594923734
120.35547969484792
150.97017452984807
125.9642787485884
159.3833731104588
125.9642787485884
165.45957208534432
121.29027953713799
159.85077303160384
118.48588001026775
151.4375744509931
118.48588001026775
91.61038454442793
62.3978894728629
108.90418162679443
62.3978894728629
123.39357918229068
63.80008923629802
130.87197792061133
61.930489551717855
136.4807769743518
64.26748915744307
143.4917757915274
62.86528939400794
147.23097516068773
62.3978894728629
142.55697594923734
51.64769128652697
136.01337705320677
46.03889223278648
129.4697781571762
44.63669246935136
121.52397949771051
45.57149231164144
107.5019818633593
51.180291365381926
96.28438375587832
60.528289788282734
122.45877934000059
56.78909041912242
129.93717807832124
56.32169049797737
136.4807769743518
57.256490340267455
143.4917757915274
60.528289788282734
136.01337705320677
56.32169049797737
129.93717807832124
55.38689065568729
122.45877934000059
55.854290576832334
