76.18495975039535
137.18440387486731
77.21448623350881
120.7119801450521
79.78830244129243
104.75431965679361
84.93593485685969
88.79665916853513
91.62785699709711
72.83899868027665
100.37883210356145
58.940391158245056
110.15933369313923
46.586073360883645
120.45459852427373
34.231755563522235
133.8384428047486
30.62841287262516
149.7961032930071
33.202229080408785
167.29805350593574
43.497493911543295
184.80000371886442
56.36657495046143
198.69861124089599
72.83899868027665
207.44958634736034
90.85571213476203
211.05292903825742
109.90195207236087
212.08245552137086
129.46295525151643
212.59721876292758
149.023958430672
75.15543326728191
155.2011173293527
83.39164513218951
159.83398650336323
94.20167320488075
156.74540705402288
105.01170127757197
152.11253788001235
115.30696610870649
146.45014222288836
135.38273252941877
145.93537898133164
148.76657680989362
152.11253788001235
162.1504210903685
156.74540705402288
177.59331833707026
158.28969677869304
192.00668910065858
154.686354087796
125.08746769828427
134.09582442552696
124.57270445672754
119.68245366193865
123.54317797361409
105.26908289835033
122.51365149050064
90.85571213476203
113.24791314247959
87.25236944386495
118.91030879960357
83.13426351141115
125.08746769828427
80.56044730362753
132.29415308007842
83.13426351141115
139.50083846187258
85.70807971919477
86.48022458152987
139.24345684109423
93.68690996332401
142.33203629043456
103.98217479445853
141.30250980732112
112.73314990092285
133.0662979424135
102.43788506978835
133.0662979424135
92.14262023865385
134.09582442552696
148.2518135683369
133.0662979424135
157.51755191635797
139.75822008265095
167.81281674749246
140.27298332420767
177.07855509551354
136.6696406333106
169.35710647216266
132.03677145930007
158.54707839947142
131.52200821774335
107.07075424379887
72.32423543871991
114.27743962559303
72.83899868027665
121.99888824894391
73.35376192183337
128.17604714762462
71.29470895560647
134.86796928786205
73.35376192183337
146.70752384366673
72.32423543871991
159.57660488258486
70.77994571404975
147.22228708522346
60.99944412447196
136.41225901253222
55.33704846734798
128.17604714762462
54.307521984234526
121.48412500738719
55.851811708904705
114.27743962559303
61.514207366028685
111.18886017625269
70.26518247249301
121.99888824894391
67.69136626470939
128.17604714762462
66.66183978159593
135.38273252941877
67.17660302315267
154.94373570857434
69.75041923093629
135.38273252941877
65.63231329848249
128.17604714762462
65.11755005692577
121.48412500738719
66.14707654003921
