55.13868957363712
140.8271936407759
55.13868957363712
123.44112035179121
57.12566937809251
105.55830211169268
60.602884035889446
87.67548387159417
66.56382344925562
70.28941058260948
76.99546742264643
54.39357214696635
91.40107100494802
40.981458466892455
107.29690944059115
29.556324591273953
125.67647263180353
24.588875080135473
143.55929087190205
27.56934478681856
160.4486192097729
38.00098876020937
175.84771269430217
49.92286758694172
187.76959152103453
65.32196107147101
194.22727588551453
83.20477931156952
197.20774559219763
102.08108745389575
199.69147034776688
121.45414054733583
200.18821529888072
140.8271936407759
68.05405830259717
148.77511285859745
77.98895732487412
153.74256236973594
89.91083615160647
153.74256236973594
101.33597002722497
149.76860276082516
111.27086904950194
142.31742849411742
137.10160650742202
141.32393859188974
149.52023028526824
148.77511285859745
162.43559901422827
153.74256236973594
176.344457645416
153.2458174186221
187.76959152103453
146.78813305414207
125.17972768068968
129.4020597651574
125.17972768068968
116.9834359873112
124.68298272957583
104.56481220946499
124.68298272957583
92.1461884316188
113.25784885395733
86.68199396936646
119.2187882673235
83.70152426268338
125.67647263180353
80.72105455600028
132.13415699628356
83.20477931156952
138.59184136076357
85.68850406713877
81.96291693378491
132.38252947184048
90.40758110272033
137.34997898297897
100.83922507611113
135.85974412963742
109.28388924504655
126.91833500958815
99.34899022276959
125.92484510736045
88.91734624937878
126.91833500958815
144.55278077412976
126.91833500958815
153.49418989417902
135.36299917852355
163.92583386756982
136.35648908075126
172.37049803650524
130.89229461849894
165.41606872091137
125.92484510736045
154.4876797964067
125.4281001562466
98.35550032054189
72.27639038706488
109.78063419616039
71.77964543595102
118.72204331620966
71.77964543595102
126.17321758291737
69.79266563149564
133.62439184962508
70.78615553372333
143.55929087190205
69.79266563149564
156.4746596008621
69.79266563149564
144.0560358230159
56.87729690253559
133.12764689851124
52.406592342510955
125.67647263180353
51.90984739139711
117.23180846286812
53.8968271958525
108.29039934281884
59.85776660921868
103.32294983168038
69.29592068038178
118.72204331620966
67.80568582704025
126.17321758291737
66.81219592481254
133.62439184962508
66.81219592481254
151.50721008972363
67.80568582704025
133.12764689851124
61.34800146256022
125.67647263180353
61.34800146256022
118.22529836509581
62.83823631590177
