66.61445357733804
119.85739275046589
66.12821668991221
103.32533857798784
67.10069046476386
87.76575818036143
67.58692735218969
71.71994089530921
70.99058556417046
56.64659738510863
78.28413887555784
44.00443831203717
90.44006106120347
34.765937450946495
105.02716768397822
27.958621026984943
121.07298496903046
25.041199702429992
139.5499866912118
26.499910364707468
157.54075152596732
31.848516126391544
175.04527947329703
39.14206943777892
188.65991232122013
50.3255178485729
196.43970252003334
65.39886135877347
199.3571238445883
83.38962619352901
201.3020713942916
100.8941541408587
203.7332558314207
119.85739275046589
69.04563801446716
137.3619206977956
74.39424377615124
148.05913222116374
86.55016596179686
152.43526420799617
99.19232503486832
151.46279043314453
110.86201033308812
147.57289533373793
132.25643337982441
148.54536910858957
145.87106622774752
154.38021175769947
160.94440973794812
155.35268553255113
175.04527947329703
150.49031665829287
184.28378033438773
138.82063136007307
119.12803741932716
134.93073626066646
117.66932675704967
124.71976162472414
116.2106160947722
114.99502387620764
114.75190543249472
104.29781235283949
105.02716768397822
92.62812705461968
110.86201033308812
91.16941639234221
117.18308986962386
89.71070573006473
124.47664318101123
91.65565327976803
131.7701964923986
93.11436394204551
80.71532331268696
127.15094606185326
88.00887662407435
132.01331493611153
96.7611405977392
132.49955182353733
105.51340457140405
128.12341983670493
96.7611405977392
127.15094606185326
88.49511351150016
126.17847228700161
141.00869735348928
128.60965672413073
150.24719821457995
132.98578871096316
158.513225300819
132.49955182353733
166.77925238705802
128.60965672413073
158.513225300819
127.6371829492791
150.24719821457995
128.12341983670493
94.8161930480359
69.28875645818007
104.05469390912657
73.66488844501251
112.3207209953656
76.58230976956746
119.12803741932716
75.12359910728998
126.42159073071453
77.06854665699328
137.11880225408268
75.12359910728998
150.24719821457995
72.20617778273503
137.6050391415085
67.8300457959026
127.39406450556618
65.39886135877347
119.61427430675298
64.42638758392182
112.80695788279142
64.91262447134766
104.5409307965524
65.8850982461993
99.19232503486832
69.28875645818007
112.3207209953656
71.23370400788338
119.12803741932716
70.74746712045756
126.90782761814036
71.71994089530921
145.38482934032172
72.20617778273503
126.90782761814036
72.69241467016086
119.61427430675298
71.71994089530921
112.80695788279142
72.20617778273503
