73.42162158390241
135.68117231890074
71.43725343298613
118.81404303611234
71.43725343298613
101.45082171559487
75.40598973481869
83.09541631961928
81.85518622529659
67.22047111228902
91.777026979878
52.33770998041692
101.20277569673034
36.95885681081574
111.62070848904081
21.580003641214557
126.00737758318385
15.130807150736644
142.37841482824317
16.122991226194785
159.24554411103156
26.04483198077619
175.61658135609088
38.44713292400294
190.499342487963
53.32989405587506
200.4211832425444
70.19702333866344
206.37428769529325
90.04070484782626
210.3430239971258
110.87657043244721
213.31957622350023
131.71243601706817
73.91771362163148
150.06784141304377
83.3434623384838
152.5483016016891
92.76921105533614
148.57956529985654
102.69105180991755
145.10692103575306
112.11680052676988
140.6420926961914
139.89795463959783
139.15381658300421
153.29243965828272
142.13036880937864
166.19083263923855
143.61864492256584
179.08922562019438
144.61082899802398
191.9876186011502
141.63427677164955
126.00737758318385
129.2319758284228
124.51910146999664
115.83749080973791
123.03082535680943
102.44300579105301
121.54254924362222
89.04852077236812
111.12461645131174
86.56806058372277
116.08553682860244
82.5993242818902
122.53473331908036
79.62277205551578
129.97611388501642
81.60714020643206
137.91358648868155
83.09541631961928
85.32783048940009
135.68117231890074
92.27311901760707
138.65772454527513
101.69886773445941
136.67335639435888
109.14024830039546
129.2319758284228
99.71449958354313
129.2319758284228
90.78484290441986
130.72025194161003
148.8276113187211
125.75933156431931
155.276807809199
132.7046200925263
165.1986485637804
131.71243601706817
173.6322132051746
126.75151563977745
165.69474060150947
124.2710554511321
156.7650839223862
124.2710554511321
99.71449958354313
74.66185167822508
108.64415626266639
75.65403575368322
118.06990497951872
74.66185167822508
125.51128554545478
72.18139148957972
135.43312630003618
73.66966760276694
149.81979539417924
71.68529945185065
164.20646448832227
68.21265518774716
150.3158874319083
49.361157754042495
135.43312630003618
42.91196126356458
125.01519350772571
43.40805330129365
116.08553682860244
45.888513489939
107.15588014947919
55.810354244520404
104.67541996083384
72.18139148957972
117.07772090406058
69.70093130093437
125.01519350772571
67.71656315001809
134.93703426230712
67.71656315001809
160.2377281864897
67.22047111228902
135.92921833776526
53.32989405587506
126.00737758318385
53.82598609360412
117.57381294178965
56.306446282249475
