60.989346517413715
127.22777613673598
60.989346517413715
109.73083246370746
63.48890989927494
91.7339761143067
66.98829863388063
74.23703244127817
72.48733807397532
57.24000144462189
81.4857662486757
40.242970447965604
93.48367048160955
25.2455901567983
109.48087612552135
13.747598600236698
128.4775578276666
10.248209865630994
147.47423952981185
13.747598600236698
163.47144517372365
25.2455901567983
176.46917475940197
39.243145095221124
186.46742828684685
54.740438062760674
192.966293079686
72.2373817357892
196.96559449066396
89.73432540881772
198.4653325197807
107.23126908184625
198.96524519615295
124.72821275487478
74.98690145583653
136.7261169878086
82.98550427779243
146.7243705152535
94.98340851072628
151.7234972789759
107.9811380964046
151.2235846026037
119.97904232933845
146.7243705152535
138.9757240314837
147.22428319162574
150.97362826441756
151.7234972789759
163.9713578500959
151.2235846026037
175.4693494066575
145.724545162509
182.96803955224115
136.22620431143636
129.4773831804111
134.72646628231965
128.97747050403885
124.22830007850253
128.97747050403885
112.73030852194093
128.4775578276666
101.73222964175157
116.979566271105
92.23388879067893
121.97869303482743
89.73432540881772
127.97764515129435
87.2347620269565
133.97659726776126
89.23441273244548
139.47563670785595
91.23406343793445
90.48419442337608
131.7269902240862
97.4829718925875
136.22620431143636
106.48140006728788
136.22620431143636
113.48017753649928
131.22707754771395
105.98148739091563
129.7273395185972
97.4829718925875
129.22742684222496
144.97467614795065
131.22707754771395
151.97345361716205
136.7261169878086
160.97188179186242
136.22620431143636
167.4707465847016
130.7271648713417
160.97188179186242
128.7275141658527
152.97327896990654
129.22742684222496
103.48192400905442
64.2387789138333
110.48070147826583
71.73746905941695
119.97904232933845
75.23685779402265
126.47790712217763
72.73729441216143
133.97659726776126
74.23703244127817
143.97485079520615
69.23790567755573
151.97345361716205
61.73921553197208
143.4749381188339
52.7407873572717
133.97659726776126
49.24139862266599
125.97799444580538
49.24139862266599
118.47930430022173
50.24122397541048
109.48087612552135
54.24052538638843
107.9811380964046
63.73886623746105
119.47912965296621
67.23825497206676
126.47790712217763
66.23842961932228
133.97659726776126
66.23842961932228
146.9743268534396
61.73921553197208
133.47668459138904
60.73939017922759
125.97799444580538
60.73939017922759
118.97921697659397
61.73921553197208
