75.87974016839362
144.1715063199479
75.35643161550816
127.42563262761274
77.97297437993552
110.6797589352776
82.68275135590478
93.41057669005698
90.00907109630141
77.18801155060731
99.42862504823992
61.48875496404311
109.37148755306391
47.882732589020804
120.36096716365886
35.84663587265492
135.01360664445212
31.136858896685663
151.2361717839018
33.23009310822756
167.45873692335147
43.17295561305155
181.58806785125924
56.25566943518838
192.57754746185418
71.4316174688671
200.42717575513626
89.74741681985867
206.18356983687647
108.5865247237357
209.32342115418933
127.94894118049822
209.8467297070748
147.8346661901462
75.35643161550816
157.25422014208473
84.2526770145612
159.34745435362663
94.19553951938519
156.73091158919925
104.66171057709467
152.54444316611546
114.60457308191866
147.31135763726073
143.3865434906197
147.31135763726073
155.94594875987104
152.02113461323
168.5053540291224
155.16098593054284
182.11137640414472
156.20760303631377
194.1474731205106
153.06775171900094
128.21059545694095
134.75195236800937
127.68728690405548
120.6226214401016
126.64066979828453
107.01659906507929
126.11736124539907
92.88726813717152
116.17449874057507
91.31734247851509
121.4075842694298
87.1308740554313
127.68728690405548
83.99102273811846
135.53691519733758
86.08425694966036
142.33992638484875
89.2241082669732
86.3459112261031
141.55496355552052
93.67223096649973
145.7414319786043
104.66171057709467
145.21812342571883
114.08126452903318
136.84518657955127
103.61509347132372
134.2286438151239
92.62561386072878
134.75195236800937
151.2361717839018
134.75195236800937
160.13241718295484
142.60158066129148
171.64520534643523
143.12488921417696
181.06475929837376
138.41511223820768
173.21513100509165
132.13540960358202
161.70234284161126
131.61210105069654
108.84817900017845
73.524851680409
116.17449874057507
74.57146878617995
124.02412703385717
74.57146878617995
129.78052111559737
72.47823457463805
136.58353230310854
73.524851680409
148.09632046658894
71.4316174688671
160.13241718295484
69.33838325732522
148.09632046658894
57.30228654095933
136.58353230310854
53.11581811787554
129.2572125627119
53.11581811787554
122.45420137520075
55.20905232941743
115.12788163480413
61.48875496404311
113.03464742326223
71.95492602175258
124.02412703385717
69.86169181021069
130.30382966848285
68.81507470443974
136.58353230310854
68.81507470443974
154.8993316541001
68.29176615155427
136.06022375022306
64.10529772847048
129.2572125627119
64.10529772847048
122.97750992808622
66.19853194001237
