45.63519533512293
129.38063358308787
45.14971453368545
110.9323631284637
45.63519533512293
92.48409267383954
48.5480801437478
73.06486061634043
55.83029216530996
53.64562855884131
66.99635059837196
36.653800508529585
81.07529384005882
19.661972458217857
99.0380834932455
7.03947162084343
119.42827715361958
3.6411060107810846
138.36202840968122
7.524952422280908
150.98452924705563
22.089376465405245
161.1796260772427
38.11024291284202
169.4327997016798
55.10207096315374
174.28760771605457
72.09389901346547
177.20049252467945
89.0857270637772
178.1714541275544
105.59207431265145
176.71501172324196
121.61294076008822
66.99635059837196
135.6918840017751
77.67692822999648
142.97409602333724
92.24135227312081
144.91601922908717
106.32029551480767
142.97409602333724
119.91375795505705
138.11928800896249
137.39106680680626
138.11928800896249
148.55712523986824
142.97409602333724
159.72318367293025
145.40150003052463
170.40376130455476
143.94505762621222
176.2295309218045
135.6918840017751
129.13789318236914
127.92419117877543
130.1088547852441
117.7290943485884
131.07981638811904
107.53399751840136
132.050777990994
96.36793908533937
107.77673791912011
91.51313107096459
117.97183474930713
87.62928465946477
129.13789318236914
83.74543824796494
138.84750921111868
86.65832305658981
147.10068283555583
90.05668866665216
83.98817864868369
125.98226797302553
91.75587147168334
127.92419117877543
99.0380834932455
127.92419117877543
106.32029551480767
125.49678717158805
98.55260269180802
124.52582556871309
91.27039067024586
124.52582556871309
142.7313556226185
124.52582556871309
151.47001004849312
126.95322957590048
158.2667412686178
126.95322957590048
164.09251088586754
124.04034476727561
158.2667412686178
123.06938316440066
150.98452924705563
123.06938316440066
83.01721704580872
72.09389901346547
98.55260269180802
74.03582221921539
115.54443074211974
73.06486061634043
126.22500837374426
70.63745660915303
135.93462440249382
72.57937981490295
148.55712523986824
73.06486061634043
158.2667412686178
70.15197580771556
148.07164443843078
53.64562855884131
135.44914360105633
45.392454934404185
124.28308516799436
44.421493331529234
113.11702673493237
45.392454934404185
96.6106794860581
54.13110936027879
87.38654425874603
70.15197580771556
115.05894994068227
66.75361019765322
125.73952757230678
65.29716779334078
135.93462440249382
66.26812939621574
153.41193325424302
68.21005260196566
135.44914360105633
57.529474970341134
125.25404677086931
55.587551764591225
114.08798833780732
57.04399416890366
