56.12926161932555
124.97156112678893
58.04821073451616
106.74154453247807
60.44689712850443
88.99126521696486
62.84558352249271
70.76124862265401
67.64295631046924
53.0109693071408
77.23770188642233
37.65937638561586
90.67034569275665
24.706469858079195
106.9814131718769
15.111724282126108
123.77221792979479
11.273826051744875
140.5630226877127
14.631987003328454
156.39435288803529
23.746995300483885
169.8269966943696
35.260689991627586
178.94200499152504
49.65280835555721
183.73937777950158
66.44361311347511
186.13806417348985
84.67362970778598
188.53675056747812
102.42390902329919
190.9354369614664
120.65392561761004
68.60243086806456
139.8434167695162
77.71743916521999
147.5192132302787
89.23113385636368
150.3976369030646
101.7043031051027
149.4381623454693
113.21799779624641
145.12052683629042
137.68459901492676
146.55973867268338
150.1577682636658
150.87737418186225
162.15120023360714
151.35711146065992
173.18515764595318
147.5192132302787
180.381216827918
139.36367949071857
125.21142976618776
130.72840847236077
124.7316924873901
118.73497650241943
124.7316924873901
107.22128181127573
124.7316924873901
95.22784984133438
111.77878595985344
87.5520533805719
118.49510786302059
86.11284154417893
124.7316924873901
83.71415515019066
130.96827711175962
85.63310426538128
137.20486173612912
87.07231610177425
82.51481195319653
126.4107729631819
90.190608413959
130.72840847236077
98.82587943231678
130.72840847236077
106.0219386142816
124.97156112678893
98.34614215351912
123.53234929039597
89.71087113516134
123.53234929039597
143.44144636049862
124.49182384799128
150.1577682636658
130.24867119356313
159.2727765608212
130.24867119356313
166.468835742786
125.93103568438424
159.75251383961887
123.05261201159831
151.1172428212611
123.05261201159831
94.50824392313788
66.92335039227277
104.58272677788862
71.72072318024931
115.13694691143702
73.63967229543992
123.29248065099715
70.76124862265401
132.40748894815258
72.20046045904697
143.9211836392963
69.32203678626104
154.47540377284466
64.5246639982845
144.40092091809393
48.693333797961905
132.40748894815258
42.93648645239006
123.29248065099715
41.97701189479475
114.17747235384171
43.89596100998536
103.62325222029332
51.092020191950176
98.82587943231678
65.96387583467745
115.13694691143702
66.92335039227277
123.77221792979479
65.96387583467745
132.40748894815258
66.44361311347511
150.1577682636658
63.56518944068919
132.40748894815258
51.57175747074783
123.29248065099715
50.61228291315253
114.65720963263936
52.53123202834314
