73.10542760444788
137.20138349708
72.59060064948699
120.2120939833703
74.64990846933058
103.22280446966057
77.73887019909598
85.71868800098996
84.4316206135877
69.75905239720203
94.21333275784481
55.34389765829682
106.56917967690643
42.4732237842743
118.41019964100714
31.147030775134485
132.82535437991237
27.028415135447283
148.27016302873938
29.602549910251785
167.3187603622927
37.839781189626194
184.30804987600243
49.16597419876601
198.72320461490764
63.06630198271032
208.50491675916476
80.05559149642005
213.13835935381286
99.10418882997337
214.68284021869556
118.6676131184876
215.19766717365644
137.7162104520409
73.10542760444788
153.16101910086792
82.887139748705
158.82411560543784
94.21333275784481
156.76480778559423
105.02469881202373
151.61653823598522
115.32123791124174
145.43861477645441
139.00327783944317
144.92378782149353
152.38877866842657
151.61653823598522
166.2891064523709
156.76480778559423
181.219088146237
156.76480778559423
194.60458897522042
152.13136519094613
126.13260396542064
135.6569026321973
125.10295005549885
123.3010557131357
124.07329614557705
109.91555488415229
122.52881528069435
97.04488101012976
115.32123791124174
90.86695755059895
119.95468050588984
87.77799582083355
125.61777701045975
85.20386104602905
132.31052742495146
87.77799582083355
139.00327783944317
89.83730364067715
86.4909284334313
138.23103740700182
94.21333275784481
142.86448000164992
103.99504490210192
141.31999913676722
112.74710313643723
133.59759481235372
102.96539099218012
132.5679409024319
92.66885189296211
133.0827678573928
150.329470848583
133.0827678573928
158.5667021279574
140.8051721818063
169.3780681821363
141.31999913676722
178.6449533714325
135.6569026321973
170.4077220920581
131.5382869925101
160.1111829928401
131.5382869925101
103.99504490210192
74.39249499185014
113.77675704635904
75.42214890177193
122.01398832573344
76.45180281169374
128.70673874022515
73.87766803688923
135.91431610967777
75.93697585673284
148.27016302873938
74.39249499185014
162.17049081268368
74.39249499185014
148.27016302873938
63.06630198271032
136.42914306463865
57.91803243310132
128.70673874022515
57.403205478140414
121.49916137077254
58.43285938806222
113.26193009139813
63.581128937671224
109.14331445171092
72.33318717200653
122.01398832573344
69.75905239720203
128.70673874022515
68.21457153231933
135.91431610967777
69.24422544224113
157.0222212630747
72.33318717200653
135.91431610967777
69.24422544224113
128.70673874022515
68.21457153231933
122.01398832573344
69.24422544224113
