23.089303034165056
123.66097875028784
22.645277975815727
105.01192629961606
23.533328092514385
84.58677361554699
27.529553617658337
64.60564598982722
38.18615501804221
47.28866871420343
54.61508217696734
33.96791696372359
72.82010956928978
22.423265446641064
92.35721213666022
13.542764279654504
109.23016435393468
11.766664046257192
121.66286598771588
16.20691462975047
128.76726692130512
29.52766638023031
135.42764279654503
43.292443189059476
142.5320437301343
57.50124505623798
149.1924196053742
70.82199680671782
154.52072030556613
85.91884879059496
153.63267018886748
101.01570077447212
150.96851983877153
114.78047758330129
63.93960840230323
130.32135462552776
74.5962098026871
136.53770544241837
87.02891143646829
139.20185579251432
99.46161307024947
138.757830734165
111.89431470403065
135.20563026737037
133.2075175047984
134.76160520902104
138.53581820499033
139.20185579251432
143.86411890518227
141.8660061426103
149.1924196053742
143.19808131765828
153.18864513051815
139.64588085086365
123.43896622111318
117.44462793339726
126.10311657120916
105.01192629961606
129.21129197965445
93.02324972418421
131.87544232975043
81.03457314875236
111.89431470403065
73.04212209846446
118.9987156376199
71.26602186506715
124.77104139616117
69.48992163166983
130.54336715470242
71.26602186506715
134.9836177381957
73.93017221516311
77.7043852111324
117.00060287504793
86.58488637811895
122.32890357523986
96.35343766180418
121.88487851689054
102.56978847869476
115.22450264165062
95.02136248675619
111.67230217485599
85.6968362614203
112.11632723320531
127.87921680460646
117.00060287504793
134.09556762149705
124.5490288669865
142.08801867178497
125.88110404203448
146.52826925527825
120.55280334184255
142.97606878848362
115.66852769999994
135.42764279654503
114.78047758330129
90.58111190326291
55.281119764491336
104.7899137704414
56.61319493953932
116.33456528752393
57.9452701145873
121.66286598771588
56.61319493953932
126.10311657120916
58.38929517293663
130.54336715470242
57.50124505623798
130.98739221305175
55.281119764491336
128.3232418629558
46.8446436558541
122.99494116276385
41.51634295566217
118.55469057927057
40.184267780614185
112.33833976237999
41.07231789731284
102.12576342034544
45.06854342245679
95.90941260345484
53.94904458944335
115.44651517082528
52.17294435604604
120.33079081266789
51.72891929769671
124.77104139616117
52.61696941439536
128.3232418629558
53.94904458944335
123.88299127946252
53.060994472744696
119.44274069596923
51.72891929769671
114.55846505412663
51.72891929769671
