67.06185173413186
143.66502383694103
67.60707004091343
123.49194648602332
69.2427249612581
103.86408744188716
72.51403480194747
84.236228397751
80.14709109688931
66.78924258074109
91.59667553930207
51.52312999085741
106.31756982240418
38.983108934881535
121.58368241228786
28.623961106031896
138.4854499225162
25.352651265342537
154.841999125963
28.623961106031896
169.56289340906514
38.43789062809997
183.7385693853857
50.43269337729429
195.18815382779846
66.24402427395952
202.8212101227403
84.78144670453257
205.5473016566481
104.95452405545028
206.6377382702112
124.58238309958644
207.18295657699278
144.75546045050416
79.60187279010775
148.02677029119351
88.32536569861271
156.75026319969848
100.32016844780702
158.9311364268247
112.8601895037829
157.29548150648003
124.30977394619566
152.93373505222755
155.3872174327446
153.47895335900913
166.83680187515733
158.38591812004316
179.3768229311332
160.56679134716939
191.37162568032753
158.38591812004316
199.54990028205094
149.6624252115382
140.1211048428609
144.75546045050416
140.66632314964247
133.3058760080914
140.66632314964247
121.31107325889708
140.66632314964247
108.77105220292121
123.7645556394141
106.0449606690134
131.39761193435595
102.22843252154249
140.66632314964247
99.50234098763468
149.38981605814743
102.22843252154249
157.02287235308927
105.49974236223184
95.41320368677299
142.57458722337793
103.59147828849639
144.75546045050416
110.67931627665666
145.3006787572857
117.76715426481694
143.11980553015948
110.67931627665666
142.57458722337793
103.59147828849639
142.02936891659635
160.83940050056017
143.66502383694103
169.0176751022836
145.8458970640673
176.10551309044385
145.8458970640673
183.7385693853857
143.66502383694103
176.65073139722543
143.11980553015948
169.0176751022836
143.11980553015948
110.1340979698751
85.32666501131413
120.49324579872474
90.77884807912973
130.85239362757437
90.77884807912973
139.57588653607934
88.59797485200349
148.84459775136585
89.6884114655666
159.74896388699705
88.05275654522192
169.56289340906514
83.69101009096944
159.2037455802155
71.69620734177514
148.2993794445843
67.33446088752265
138.4854499225162
67.33446088752265
129.2167387072297
68.97011580786733
119.40280918516163
73.87708056890136
113.95062611734602
85.32666501131413
130.85239362757437
87.50753823844036
139.57588653607934
86.41710162487725
148.84459775136585
86.41710162487725
165.20114695481266
83.69101009096944
148.2993794445843
74.96751718246449
139.0306682292978
73.87708056890136
129.76195701401127
76.0579537960276
