47.89062031989561
146.598509979236
50.01909233411319
126.37802584416897
54.27603636254836
106.68965971265634
59.597216398092314
86.4691755775893
70.23957646918022
69.44139946384864
86.2031165758121
55.07421336787995
104.29512869666155
43.367617289683245
123.4513768246198
34.32161122925852
140.47915293836044
33.78949322570413
153.78210302722036
39.11067326124808
161.76387308053629
52.413623350107976
170.80987914096102
64.65233743185907
179.85588520138575
77.42316951716457
186.77341924759287
91.25823760957886
192.09459928313683
106.15754170910193
193.15883529024563
121.05684580862501
192.09459928313683
135.9561499081481
72.9001664869522
152.98392602188875
85.6709985722577
159.3693420645415
101.10242067533518
160.96569607520468
116.00172477485826
158.8372240609871
130.36891087082694
153.51604402544314
158.5711650592099
151.91969001477997
168.14928912318902
156.70875204676952
177.72741318716814
159.9014600680959
187.30553725114729
161.4978140787591
193.69095329380002
155.64451603966074
145.8003329739044
138.08462192236567
147.3966869845676
125.84590784061457
149.52515899878517
113.07507575530907
151.65363101300275
100.83636167355797
130.36891087082694
95.51518163801403
138.88279892769728
92.85459162024205
147.3966869845676
89.66188359891567
154.31422103077475
91.79035561313326
159.1032830627643
95.51518163801403
90.99217860780166
139.14885792947447
100.03818466822638
143.93791996146402
110.1484267357599
143.40580195790963
118.66231479263023
136.48826791170248
109.61630873220551
135.9561499081481
99.50606666467199
135.9561499081481
156.44269304499232
136.48826791170248
164.95658110186267
144.47003796501843
174.53470516584179
144.47003796501843
181.4522392120489
140.21309393658325
175.59894117295056
136.48826791170248
166.02081710897144
135.9561499081481
103.76301069310715
81.68011354559974
120.79078680684782
82.74434955270853
135.1579729028165
82.74434955270853
143.13974295613244
81.68011354559974
150.58939500589398
83.27646755626292
158.5711650592099
82.74434955270853
166.02081710897144
81.68011354559974
158.03904705565552
67.84504545318545
150.58939500589398
60.39539340342391
142.60762495257805
58.79903939276072
133.56161889215332
59.33115739631511
118.66231479263023
66.24869144252226
108.01995472154232
80.08375953493655
134.6258548992621
77.42316951716457
143.13974295613244
77.42316951716457
150.58939500589398
78.48740552427336
161.2317550769819
79.55164153138215
150.58939500589398
69.97351746740303
142.60762495257805
68.37716345673984
134.0937368957077
68.37716345673984
