54.828069730204845
129.66097571332227
55.32201630435084
110.89100589577467
58.285695749226775
92.12103607822706
61.7433217682487
73.35106626067946
69.64646695458454
56.06293616556982
81.00723815994229
41.244538941190136
95.33168881017599
28.89587458754039
112.61981890528563
20.49878282705857
129.41400242624928
18.52299653047461
145.71423937306693
21.486675975350547
160.5326365974466
29.88376773583237
171.89340780280438
41.73848551533612
179.79655298914022
57.0508293138618
184.7360187306001
74.33895940897143
187.20575160133006
92.61498265237306
189.181537897914
110.39705932162867
188.68759132376803
128.1791359908843
69.64646695458454
145.96121266013992
80.51329158579631
151.3946249757458
93.35590251359204
151.8885715498918
105.21062029309579
148.92489210501586
116.07744492430756
142.503586641118
144.72634622477494
142.503586641118
154.60527770769474
147.9369989567239
164.97815576476054
150.90067840159983
175.8449803959723
150.90067840159983
183.74812558230815
145.46726608599394
131.38978872283323
131.63676200990622
131.88373529697924
118.7941510821105
132.8716284452712
105.95154015431477
133.3655750194172
93.10892922651904
118.05323122089152
86.68762376262117
124.96848325893536
83.72394431774524
132.37768187112522
81.2542114470153
138.79898733502307
83.72394431774524
144.23239965062896
86.68762376262117
84.46486417896422
131.14281543576024
92.86195593944605
135.58833460307414
102.74088742236584
134.60044145478216
110.64403260870168
127.68518941673831
101.25904769992788
127.19124284259233
91.87406279115407
127.68518941673831
146.70213252135892
127.68518941673831
154.60527770769474
135.09438802892817
163.99026261646856
135.58833460307414
171.89340780280438
131.14281543576024
164.97815576476054
127.68518941673831
156.0871174301327
127.19124284259233
97.80142168090595
63.47213477775966
111.13797918284766
66.9297607967816
122.49875038820542
68.41160051921956
130.89584214868725
66.9297607967816
139.29293390916908
68.90554709336556
148.67791881794287
66.9297607967816
158.06290372671668
63.96608135190566
149.66581196623486
54.08714986898586
140.28082705746104
49.64163070167196
130.89584214868725
48.653737553379976
122.00480381405943
49.14768412752596
110.15008603455568
52.60531014654789
103.23483399651182
61.990295055321695
122.00480381405943
61.002401907029714
130.89584214868725
60.50845533288373
139.78688048331506
61.49634848117571
152.6294914111108
62.48424162946768
139.78688048331506
61.49634848117571
130.89584214868725
61.002401907029714
122.49875038820542
61.002401907029714
