70.47308161993692
126.22404687406511
70.47308161993692
109.81250731873733
73.851927998975
93.40096776340955
79.64423607732597
77.95481288780694
86.40192883540212
62.99135035206691
94.12500627320343
48.510580156189455
102.33077605086731
34.99519464003717
111.98462284811895
23.41057848333521
126.94808538385898
20.031732104297138
143.84231727904933
21.479809123884884
160.73654917423968
30.650963581273935
176.1827040498423
42.71827207783848
189.6980895659946
57.199042273715925
198.86924402338363
74.57596650876887
203.21347508214689
94.8490447829973
205.1442444415972
114.63943071736314
205.6269367814598
133.94712431186642
69.02500460034918
142.1528940895303
75.30000501856274
149.39327918746903
85.43654415567696
148.91058684760645
96.05577563265375
145.53174046856836
105.70962242990538
140.70481706994255
127.43077772372156
144.5663557888432
141.42885557973642
150.84135620705678
155.4269334357513
153.73751024623226
170.39039597149133
152.28943322664452
182.45770446805588
146.01443280843094
116.32885390688217
129.12020091324058
115.84616156701959
117.05289241667604
114.39808454743185
104.98558392011151
113.43269986770669
92.43558308368439
106.19231476976796
84.2298133060205
111.01923816839378
81.81635160670758
116.81154624674475
79.88558224725726
124.05193134468348
81.81635160670758
131.29231644262222
83.26442862629534
81.09231309691371
128.15481623351542
87.36731351512728
132.98173963214126
97.50385265224149
132.98173963214126
105.70962242990538
126.22404687406511
97.02116031237891
123.32789283488961
86.8846211752647
122.84520049502703
139.01539388042352
127.18943155379027
147.70385599795
133.94712431186642
157.8403951350642
134.429816651729
166.52885725259068
130.08558559296574
159.28847215465194
124.29327751461477
148.66924067767516
124.29327751461477
100.40000669141699
62.50865801220432
106.67500710963054
65.8875043912424
113.43269986770669
67.81827375069273
118.25962326633251
65.8875043912424
124.05193134468348
67.33558141083014
134.6711628216603
63.95673503179207
147.70385599795
60.577888652754
135.63654750138545
50.92404185550237
125.01731602440864
48.027887816326874
118.25962326633251
48.027887816326874
112.95000752784411
48.993272496052036
106.67500710963054
52.85481121495269
104.74423775018022
61.54327333247916
113.91539220756927
61.54327333247916
118.25962326633251
60.577888652754
124.53462368454606
60.577888652754
142.87693259932416
60.09519631289142
124.05193134468348
59.612503973028836
117.77693092646993
59.612503973028836
113.43269986770669
60.577888652754
