63.14061626923067
131.19791987090144
64.17570833921806
114.11890071610952
66.76343851418653
97.03988156131763
68.8336226541613
79.44331637153203
72.97399093411086
62.36429721674013
82.28981956399734
46.32037013193561
96.78110854382078
33.381719257093266
113.86012769861269
23.030798557219384
132.49178495838567
20.443068382250914
151.12344221815866
24.06589062720677
167.16736930296315
34.934357362074344
180.1060201778055
48.39055427191039
188.90430277269832
64.9520273917086
192.00957898266049
83.58368465148158
193.56221708764156
101.69779587626087
195.63240122761633
119.29436106604646
195.63240122761633
137.40847229082576
73.49153696910454
147.24184695570594
83.32491163398474
153.96994541062398
97.29865457881448
154.48749144561765
109.71975941866313
151.3822152356555
122.14086425851178
146.20675488571857
144.91288979823432
145.17166281573117
157.33399463808297
150.3471231656681
169.23755344293795
153.96994541062398
182.1762043177803
153.96994541062398
192.00957898266049
148.27693902569334
132.49178495838567
136.37338022083836
132.49178495838567
123.43472934599602
132.49178495838567
111.01362450614737
132.49178495838567
97.55742759631131
121.1057721885244
91.34687517638699
126.79877857345502
88.75914500141852
133.00933099337936
86.68896086144375
138.70233737831
88.24159896642483
143.87779772824695
90.3117831063996
86.9477338789406
136.37338022083836
94.71092440384601
141.5488405707753
104.02675303373249
141.5488405707753
111.7899435586379
135.85583418584469
102.9916609637451
133.26810401087621
93.67583233385861
133.26810401087621
153.19362635813343
136.37338022083836
161.47436291803254
142.5839326407627
170.79019154791902
142.5839326407627
177.51829000283703
137.92601832581946
171.30773758291272
134.3031960808636
161.9919089530262
133.78565004586991
107.64957527868836
64.9520273917086
115.93031183858746
68.57484963666445
125.24614046847395
71.16257981163292
132.49178495838567
69.09239567165815
139.73742944829738
70.64503377663924
149.0532580781839
68.57484963666445
155.7813565331019
65.4695734267023
149.0532580781839
59.776567041771656
140.25497548329108
57.188836866803186
132.49178495838567
56.67129083180949
124.72859443348025
57.188836866803186
115.93031183858746
58.74147497178427
110.23730545365682
64.9520273917086
125.24614046847395
65.4695734267023
132.49178495838567
64.4344813567149
139.73742944829738
65.4695734267023
152.67608032313973
64.9520273917086
140.25497548329108
65.4695734267023
132.49178495838567
64.9520273917086
125.24614046847395
65.4695734267023
