73.77610030653948
144.63300239951084
75.36839024121299
127.64857642966004
78.55297011056003
111.19491377136706
81.73754997990706
94.21048780151625
85.98365647236976
76.69529852010758
93.4143428341795
59.18010923869894
102.96808244222058
43.78797320352164
116.23716523116653
29.988127103017845
133.75235451257518
25.742020610555144
153.39059704021517
28.395837168344332
170.375023010066
39.011103399501096
185.23639573368547
51.749422876889206
197.44395189951572
67.1415589120665
205.93616488444115
84.65674819347517
208.58998144223034
103.23346409799949
211.77456131157737
122.34094331408166
214.42837786936656
141.97918584172166
79.08373342211786
151.53292544976276
84.39136653769624
162.1481916809195
96.06815939196868
164.27124492715086
108.27571555779895
161.08666505780383
119.42174510051355
155.2482686306676
145.42914736684762
156.84055856534113
158.69823015579357
161.08666505780383
171.96731294473952
162.1481916809195
185.23639573368547
158.9636118115725
195.3208986532844
150.47139882664706
131.62930126634382
142.5099491532795
131.098537954786
127.64857642966004
130.0370113316703
112.78720370604057
129.50624802011248
97.39506767086327
114.64487529649301
98.98735760553679
121.5447983467449
93.6797244899584
130.56777464322815
89.96438130905354
140.12151425126922
94.21048780151625
149.14449054775247
98.45659429397895
90.7605262763903
142.5099491532795
98.19121263820003
146.22529233418436
106.68342562312544
145.69452902262654
115.17563860805085
140.917659218606
106.1526623115676
139.85613259549032
97.6604493266422
139.85613259549032
154.45212366333087
140.38689590704814
162.94433664825627
145.1637657110687
171.43654963318167
144.63300239951084
178.8672359949914
140.917659218606
171.96731294473952
138.79460597237463
163.47509995981412
138.79460597237463
102.43731913066273
83.06445825880165
112.52182205026166
84.12598488191732
123.13708828141841
84.12598488191732
132.16006457790166
82.00293163568597
142.24456749750058
84.12598488191732
154.9828869748887
84.12598488191732
169.31349638695033
82.5336949472438
156.5751769095622
68.73384884674002
142.77533080905843
62.8954524196038
132.16006457790166
61.833925796488124
122.07556165830275
62.8954524196038
111.46029542714598
68.73384884674002
106.1526623115676
81.47216832412813
122.60632496986058
80.41064170101245
132.16006457790166
79.34911507789678
142.24456749750058
80.41064170101245
166.1289165176033
81.47216832412813
142.77533080905843
69.26461215829787
132.16006457790166
68.20308553518218
122.60632496986058
69.7953754698557
