62.32636131409034
148.15715549663
64.43911932473748
129.67052290346763
68.13644584336996
111.18389031030523
72.36196186466421
92.69725771714283
79.22842539926738
75.26700412930401
89.79221545250303
60.4776980547741
103.52514252170938
47.801149990891325
118.84263809890108
37.76554944031745
134.16013367609278
35.12460192700854
148.94943975062267
38.82192844564102
163.21055632249082
48.85752899621489
175.3589148837118
62.06226656275945
185.39451543428567
76.85157263728937
191.73278946622708
93.75363672246641
196.4864949901831
111.18389031030523
200.18382150881558
128.61414389814405
202.2965795194627
146.04439748598287
72.890151367326
153.43905052324783
84.51032042588521
160.305514057851
98.24324749509155
159.7773245551892
110.91979555897434
157.1363770418803
123.59634362285712
152.38267151792428
152.11857676659338
153.43905052324783
164.26693532781437
158.72094554986566
175.88710438637358
160.8337035605128
188.56365245025637
161.36189306317456
198.07106349816846
155.02361903123318
138.38564969738704
138.12155494605614
138.9138392000488
123.860438374188
139.4420287027106
110.12751130498167
139.9702182053724
96.39458423577531
126.23729113616604
89.52812070117214
132.57556516810743
88.47174169584858
138.9138392000488
86.88717318786323
144.72392372932842
88.47174169584858
150.00581875594625
89.52812070117214
88.20764694451769
140.76250245936504
97.18686848976799
144.98801848065932
107.22246904034186
143.93163947533574
114.61712207760681
134.95241793008543
105.63790053235651
134.42422842742366
95.60229998178265
135.48060743274723
157.92866129587298
136.008796935409
165.85150383579972
144.45982897799752
175.3589148837118
145.5162079833211
183.28175742363854
141.29069196202684
177.47167289435893
136.008796935409
167.43607234378507
134.95241793008543
108.8070375483272
73.68243562131866
120.42720660688643
74.21062512398045
130.4628071574603
75.7951936319658
136.80108118940169
73.15424611865689
143.66754472400487
75.26700412930401
151.5903872639316
73.68243562131866
161.0977983118437
72.6260566159951
151.5903872639316
64.70321407606836
143.66754472400487
59.94950855211232
136.2728916867399
59.42131904945054
129.40642815213673
59.94950855211232
119.37082760156285
64.70321407606836
112.50436406695968
72.09786711333332
129.9346176547985
69.4569196000244
136.2728916867399
68.92873009736262
143.66754472400487
69.4569196000244
157.4004717932112
71.04148810800976
143.66754472400487
69.4569196000244
136.2728916867399
68.40054059470084
129.9346176547985
69.4569196000244
