73.69225641736195
111.64820776485861
69.69689311762545
97.44247158801775
68.36510535104662
82.79280615565062
72.80439790630939
68.58706997880977
79.46333673920354
55.269192313021456
86.12227557209769
41.507385391706876
91.8933558939393
28.633436981444852
96.77657770472834
14.871630060130272
106.09909207078015
7.768761971709844
120.74875750314729
6.436974205131014
140.72557400182973
11.320196015920057
161.14631975603848
20.198781126445592
180.67920699919466
32.18487102565506
193.99708466498296
49.49811199117986
200.6560234978771
70.80671625644115
201.98781126445593
93.44710828828126
201.98781126445593
115.19964180906882
69.69689311762545
132.9568120301199
73.24832716183568
138.28396309643523
79.90726599472983
138.28396309643523
87.45406333867652
136.50824607433012
94.55693142709696
132.9568120301199
114.08981867025314
133.84467054117246
127.40769633604144
138.7278923519615
141.6134325128823
140.0596801185403
155.81916868972314
136.06431681880383
167.36132933340636
129.4053779859097
102.99158728209622
118.30714659775276
100.32801174893855
105.43319818749073
97.22050696025461
93.00317903275499
93.6690729160444
79.68530136696668
88.34192184972908
73.02636253407253
93.6690729160444
69.47492848986232
100.32801174893855
67.69921146775721
107.87480909288526
69.03099923433604
116.30946494788452
70.36278700091486
78.13154897262471
118.75107585327903
83.01477078341375
122.74643915301553
90.11763887183419
122.30250989748926
97.6644362157809
116.08750032012138
89.6737096163079
116.08750032012138
82.12691227236121
116.08750032012138
126.07590856946261
115.64357106459511
134.0666351689356
121.4146513864367
142.94522027946113
120.97072213091042
152.26773464551295
116.97535883117393
143.83307879051367
114.75571255354255
134.51056442446188
114.75571255354255
89.6737096163079
57.93276784617912
93.22514366051813
57.93276784617912
98.10836547130717
57.93276784617912
103.43551653762249
55.713121568547734
109.65052611499037
56.60098007960029
123.41233303630494
54.825263057495185
140.28164474630347
53.49347529091635
123.85626229183123
43.72703166933826
110.53838462604291
40.17559762512805
103.87944579314876
40.61952688065433
98.10836547130717
42.39524390275943
93.6690729160444
48.166324224601034
92.78121440499184
55.713121568547734
98.55229472683345
52.6056167798638
103.43551653762249
50.82989975775869
110.09445537051664
50.38597050223242
135.8423521910407
52.6056167798638
109.65052611499037
50.38597050223242
102.99158728209622
50.82989975775869
98.10836547130717
52.6056167798638
