33.11784643946511
106.29038553206709
35.355538766456
87.94130845074183
38.040769558845064
70.03976983481473
44.30630807441955
52.58576968428582
53.25707738238309
36.47438492995144
66.6832313443284
23.495769433404305
84.13723149485732
14.54500012544076
102.93384704158076
9.174538540662633
120.83538565750786
8.727000075264456
136.94677041184224
11.41223086765352
149.92538590838936
20.810538641015242
160.21877061254744
32.89407720676603
166.48430912812194
47.215308099507695
170.06461685130733
62.8791543884439
171.85477071290006
78.99053914277827
171.85477071290006
95.54946236251084
169.61707838590917
110.76577018604887
57.732462036364865
127.7722318711796
66.6832313443284
136.72300117914315
79.66184684087554
140.75084736772675
93.53553926821904
140.75084736772675
106.06661629936801
137.17053964454132
127.99600110387868
136.72300117914315
138.73692427343494
140.75084736772675
149.92538590838936
140.75084736772675
159.77123214714928
136.72300117914315
164.6941552665292
126.42961647498507
119.04523179591514
122.40177028640147
120.83538565750786
113.45100097843793
122.62553951910056
104.50023167047438
124.41569338069327
95.10192389711266
106.96169323016436
81.67576993516734
114.56984714193337
80.78069300437099
121.7304625883042
79.43807760817646
127.54846263848052
80.3331545389728
132.47138575786045
81.67576993516734
73.84384679069925
117.9263856324197
81.89953916786644
121.95423182100329
89.50769307963544
122.40177028640147
97.11584699140445
117.9263856324197
89.50769307963544
117.03130870162335
81.45200070246825
116.58377023622516
131.12877036166591
117.03130870162335
139.1844627388331
121.95423182100329
146.79261665060213
121.50669335560512
153.05815516617662
117.47884716702153
147.2401551160003
116.136231770827
139.6320012042313
116.136231770827
87.27000075264456
59.74638513065666
100.2486162491917
65.56438518083296
112.33215481494248
68.24961597322202
120.38784719210967
66.45946211162932
127.54846263848052
67.80207750782385
137.3943088772404
63.77423131924026
144.55492432361123
57.95623126906395
137.3943088772404
46.76776963410952
128.44353956927685
43.1874619109241
120.38784719210967
42.739923445525925
111.8846163495443
44.082538841720456
99.80107778379352
49.45300042649858
90.85030847582998
59.29884666525848
112.33215481494248
63.77423131924026
120.38784719210967
62.8791543884439
127.54846263848052
62.8791543884439
140.97461660042583
57.0611543382676
127.54846263848052
52.13823121888765
120.38784719210967
51.69069275348947
111.8846163495443
53.033308149684004
