48.97851992125544
124.77861027557934
50.37790620471988
104.25427811810087
52.243754582672466
83.72994596062239
55.04252714960135
63.67207589763207
61.572996472435406
45.48005421259434
71.3687004566865
29.620342999997337
85.82902538581905
17.492328543305515
103.0881228818805
8.62954874803072
120.34722037794194
4.431389897637397
136.6733936850271
8.62954874803072
151.6001807086478
18.891714826769956
163.26173307085148
32.41911556692622
172.12451286612625
48.27882677952322
177.25559590549588
65.53792427558466
180.05436847242476
82.7970217716461
182.85314103935363
99.5896571732194
184.25252732281808
117.78167885825712
65.30469322834058
135.97370054329485
73.70101092912724
143.4370940551052
84.89610119684276
146.70232871652223
97.02411565353458
144.3700182440815
108.21920592125011
139.23893520471188
135.27400740156264
138.3060110157356
145.53617348030187
142.97063196061706
156.7312637480174
144.83648033856966
167.92635401573293
142.03770777164078
174.92328543305513
133.17492797636598
121.74660666140637
123.84568608660304
122.21306875589453
111.71767162991122
123.14599294487081
99.12319507873124
123.61245503935896
86.52871852755128
108.68566801573826
79.99824920471721
115.21613733857232
78.13240082676462
122.21306875589453
76.26655244881204
129.21000017321674
78.13240082676462
134.8075453070745
79.99824920471721
79.76501815747315
123.84568608660304
87.2284116692835
128.97676912597265
96.09119146455829
127.57738284250821
102.62166078739234
119.64752723620971
94.69180518109386
119.18106514172158
85.82902538581905
120.11398933069786
138.53924206297967
119.18106514172158
145.53617348030187
126.64445865353193
154.39895327557667
127.57738284250821
160.92942259841072
122.4462998031386
155.33187746455297
119.18106514172158
146.46909766927817
118.71460304723342
91.89303261416497
59.0074549527506
102.62166078739234
64.13853799212022
113.35028896061974
66.00438637007281
121.74660666140637
64.60500008660837
129.6764622677049
66.00438637007281
139.00570415746782
64.60500008660837
148.33494604723077
60.406841236215044
139.47216625195597
46.87944049605878
129.6764622677049
40.81543326771287
121.28014456691822
39.416046984248425
112.41736477164343
40.34897117322472
101.68873659841606
45.94651630708248
96.55765355904644
59.0074549527506
112.88382686613159
60.406841236215044
121.28014456691822
59.94037914172689
129.21000017321674
60.87330333070319
143.6703251023493
59.94037914172689
129.6764622677049
49.211750968499516
121.28014456691822
47.81236468503507
112.88382686613159
48.27882677952322
