68.65719075197873
157.52395781401572
70.87193884075224
137.59122501505416
75.85512204049263
118.76586626047934
80.83830524023303
99.94050750590453
89.14361057313369
82.22252279571647
100.21735101700122
66.16559915210854
112.95215252744889
51.76973657508074
127.90170212667006
40.14230910901983
142.29756470369787
37.927561020246316
156.13974025853227
41.24968315340658
168.87454176897995
53.43079764166087
179.9482822128475
67.27297319649529
189.91464861232828
82.77620981790984
196.5588928786488
99.38682048371115
202.64945012277593
116.55111817170584
207.07894630032297
133.71541585970053
209.29369438909646
151.98708759208196
76.96249608487939
163.0608280359495
89.14361057313369
169.70507230227003
103.53947315016148
169.15138528007665
117.93533572718928
164.16820208033624
131.7775112820237
157.52395781401572
155.03236621414553
155.8628967474356
167.7671677245932
161.95345399156275
181.05565625723423
166.93663719130313
194.89783181206866
168.59769825788325
205.9715722559362
162.50714101375613
143.40493874808462
144.2354692813747
143.40493874808462
130.94698074873364
143.40493874808462
116.55111817170584
142.85125172589125
103.26262963906478
131.22382425983034
98.83313346151778
136.7606944817641
96.06469835055088
143.40493874808462
93.84995026177738
149.49549599221177
96.61838537274427
155.03236621414553
98.83313346151778
93.01941972848732
147.55759141453495
101.87841208358135
152.54077461427534
112.95215252744889
151.4334005698886
121.25745786034953
143.12809523698792
111.29109146086876
140.91334714821443
100.21735101700122
141.4670341704078
163.33767154704617
143.12809523698792
171.08928985775347
150.8797135476952
182.163030301621
151.4334005698886
190.46833563452165
147.00390439234155
183.82409136820112
140.91334714821443
173.30403794652696
140.35966012602105
120.15008381596279
77.79302661816945
130.67013723763694
80.00777470694297
138.9754425705376
82.77620981790984
145.06599981466474
81.11514875132971
151.1565570587919
83.32989684010322
158.3544883473058
81.66883577352309
166.10610665801306
78.90040066255621
158.3544883473058
69.4877212852688
151.71024408098526
65.05822510772178
145.06599981466474
63.95085106333503
138.9754425705376
64.50453808552841
130.11645021544356
67.82666021868867
125.13326701570318
76.13196555158932
138.9754425705376
76.13196555158932
145.06599981466474
75.57827852939594
151.71024408098526
76.6856525737827
161.12292345827268
77.79302661816945
151.71024408098526
75.57827852939594
145.06599981466474
74.47090448500919
138.9754425705376
75.02459150720257
