70.82938419948763
127.14858205255247
68.86190130505743
111.40871889711077
69.84564275227254
94.68511429445397
73.78060854113296
78.45338041540471
80.17492794803115
61.72977581274791
89.0286009729671
45.98991265730621
98.37414472151062
30.741920225472064
108.70342991726922
15.985798517245474
123.95142234910337
11.067091281169944
141.16689767536772
12.542703451992603
157.39863155441697
21.88824720053611
172.64662398625111
34.67688601433249
186.41900424726262
49.43300772255908
195.27267727219856
67.140353772431
200.1913845082741
86.32331199312556
202.65073812631186
105.99814093742768
204.1263502971345
125.67296988172981
70.82938419948763
143.87218665520928
78.69931577720848
150.26650606210745
89.52047169657466
150.26650606210745
100.83349833954837
147.31528172046214
110.67091281169944
141.4128330371715
135.75631971568464
142.88844520799415
148.05308780587347
148.7908938912848
161.3335973432774
150.26650606210745
174.1222361570738
148.29902316767723
184.94339207643995
142.3965744843866
121.98393945467316
129.60793567059022
121.00019800745805
116.81929685679385
119.5245858366354
103.53878731938993
118.54084438942029
90.25827778198598
107.71968847005412
85.83144126951801
113.62213715334475
82.38834620426513
120.01645656024294
78.94525113901227
128.37825886157134
82.38834620426513
135.75631971568464
84.8476998223029
83.61802301328402
129.60793567059022
90.99608386739732
134.52664290666576
100.34162761594082
134.0347721830582
108.70342991726922
127.64045277616002
99.84975689233328
126.65671132894491
90.50421314378977
126.65671132894491
143.13438056979794
126.65671132894491
152.47992431834146
132.067289288628
162.3173387904925
132.067289288628
170.67914109182092
127.14858205255247
162.80920951410008
124.6892284345147
153.46366576555656
125.18109915812225
94.93104965625774
73.04280245572163
103.7847226811937
75.01028535015185
114.11400787695231
74.51841462654428
122.47581017828071
72.05906100850652
132.31322465043178
73.53467317932918
147.06934635865835
73.04280245572163
161.82546806688495
69.59970739046875
148.05308780587347
50.90861989338174
133.29696609764687
43.03868831566089
122.47581017828071
42.05494686844579
113.1302664297372
44.022429762876
102.30911051037104
53.36797351141951
99.35788616872571
71.07531956129142
113.62213715334475
69.1078366668612
122.47581017828071
67.63222449603855
132.31322465043178
68.1240952196461
157.89050227802454
68.61596594325366
133.29696609764687
52.87610278781195
122.47581017828071
51.89236134059685
113.62213715334475
54.35171495863461
