54.17889585243223
155.76432557574265
56.34605168652952
134.6345561932941
59.59678543767545
114.58836472789416
63.93109710587003
94.54217326249425
71.51614252521054
76.6631376311916
83.97728857126995
61.49304679251058
98.60559045142665
50.657267622024136
115.40104816568065
43.61401116120795
133.2800837969833
43.61401116120795
151.15911942828592
46.86474491235388
166.87099922549126
57.700524082840325
179.33214527155067
70.70345908742406
188.54255756646415
85.87354992610508
193.96044715170737
102.12721868183475
197.2111809028533
119.46446535461307
199.92012569547492
136.80171202739137
201.00370361252357
155.76432557574265
74.22508731783215
154.1389587001697
85.60265544684292
160.09863724393725
99.14737940995099
160.64042620246155
112.69210337305904
156.84790349279132
125.15324941911845
151.9718028660724
151.15911942828592
154.1389587001697
161.99489859877235
160.09863724393725
173.37246672778312
165.51652682918046
184.7500348567939
167.68368266327775
193.41865819318306
162.26579307803453
138.15618442370217
140.59423473706164
138.6979733822265
126.50772181542925
139.23976234075081
112.9629978523212
139.78155129927515
98.87648493068882
121.90251566797252
95.08396222101857
129.48756108731303
91.83322846987262
138.15618442370217
89.12428367725101
145.7412298430427
91.83322846987262
152.24269734533456
95.62575117954289
89.39517815651318
139.510656820013
98.60559045142665
142.76139057115893
108.35779170486445
143.84496848820757
116.48462608272929
138.42707890296435
107.81600274634013
136.25992306886707
98.06380149290233
135.71813411034273
155.4934310964805
141.67781265411028
164.16205443286967
148.17928015640214
173.37246672778312
149.2628580734508
180.95751214712365
147.0957022393535
174.4560446448318
141.67781265411028
165.78742130844262
140.59423473706164
107.81600274634013
73.95419283857
120.27714879239954
76.12134867266728
130.02935004583736
76.6631376311916
134.90545067255624
76.12134867266728
139.23976234075081
76.6631376311916
146.283018801567
75.57955971414296
154.95164213795618
75.57955971414296
145.19944088451837
76.6631376311916
138.15618442370217
76.12134867266728
133.2800837969833
75.57955971414296
127.86219421174006
74.49598179709432
119.1935708753509
73.41240388004567
112.15031441453472
74.49598179709432
129.48756108731303
72.32882596299703
134.36366171403193
71.78703700447271
139.78155129927515
72.32882596299703
151.15911942828592
75.03777075561864
138.15618442370217
82.62281617495915
133.8218727555076
81.53923825791051
128.94577212878872
80.99744929938618
