28.21969735519006
109.07136993632984
29.56349246734197
89.36237495810185
32.699014395696416
69.65337997987388
37.178331436202775
49.9443850016459
47.92869233341804
33.37091195177237
64.9500970873422
20.828824238354567
85.10702376962082
13.213985269493758
106.60774556405134
8.734668228987399
126.31674054227932
8.286736524936764
141.99435018405157
13.213985269493758
151.84884767316555
24.86020957481029
160.35955005012764
38.29816069632937
165.73473049873527
52.18404352189908
168.4223207230391
67.86165316367133
169.766115835191
83.09133110139295
168.87025242708972
97.87307733506394
165.73473049873527
112.2068918646843
58.23112152658266
129.22829661860845
70.32527753594984
135.49934047531735
83.31529695341827
137.73899899557054
96.30531637088671
136.84313558746928
108.84740408430451
132.3638185469629
133.48364780708948
131.91588684291227
141.54641848000094
136.39520388341862
150.50505256101366
137.73899899557054
158.5678232339251
136.84313558746928
163.94300368253275
131.46795513886164
123.18121861392487
119.37379912949446
125.86880883822869
109.07136993632984
128.5563990625325
98.76894074316522
131.24398928683632
88.01857984594996
111.0870626045577
79.50787746898787
119.14983327746914
76.82028724468405
127.2126039503806
74.13269702038023
133.48364780708948
76.37235554063342
137.96296484759586
79.05994576493724
75.25252628050683
117.58207231329192
83.31529695341827
122.95725276189955
92.72186273848163
122.95725276189955
100.33670170734244
116.23827720114001
91.82599933038036
114.44655038493747
82.86736524936764
114.8944820889881
132.1398526949376
115.34241379303874
139.75469166379838
122.95725276189955
148.7133257448111
122.95725276189955
154.98436960152003
117.13414060924129
149.6091891529124
113.99861868088684
140.65055507189967
113.99861868088684
82.419433545317
59.350950786709255
98.99290659519053
66.0699263474688
114.67051623696278
67.4137214596207
124.52501372607678
66.0699263474688
132.58778439898822
67.4137214596207
141.54641848000094
65.17406293936752
147.81746233670984
59.350950786709255
141.54641848000094
47.25679477734209
133.03571610303885
41.43368262468382
124.07708202202615
40.53781921658255
113.77465282886152
41.43368262468382
97.64911148303862
47.25679477734209
85.55495547367146
58.903019082658616
114.67051623696278
62.03854101101307
124.52501372607678
61.142677602911796
133.03571610303885
62.03854101101307
143.78607700025412
58.455087378607985
132.58778439898822
49.04852159354463
124.07708202202615
47.70472648139272
113.77465282886152
48.15265818544336
