48.49962271317093
128.7664983034688
49.46961516743435
110.33664167246386
50.92460384882947
91.4217888143272
54.31957743875144
72.50693595619053
62.564513299990494
55.53206800658071
75.17441520541493
41.95217364689285
91.66428692789304
30.797260422863538
109.6091473317663
22.55232456162448
128.52400018990295
19.157350971702517
145.9838643666445
23.5223170158879
158.59376627206893
34.192234012785505
169.74867949609825
46.80213591820994
177.02362290307389
61.352022732161224
181.38858894725928
77.84189445463933
182.8435776286544
94.33176617711746
183.3285738557861
110.82163789959557
181.87358517439097
126.82651339494197
64.98949443564904
145.25637002594692
73.71942652401981
155.44129079571283
86.81432465657596
159.3212606127665
100.39421901626382
157.38127570423967
112.51912469455655
152.04631720579084
143.07388700385422
153.01630966005428
153.74380400075185
156.89627947710795
164.41372099764945
157.86627193137136
174.59864176741533
153.501305887186
179.44860403873244
143.31638511742008
128.52400018990295
132.64646812052248
129.49399264416638
123.91653603215171
130.9489813255615
114.70160771664924
131.9189737798249
105.48667940114676
114.45910960308339
92.87677749572232
122.21904923719073
91.9067850414589
129.97898887129807
90.93679258719548
136.76893605114202
91.9067850414589
143.07388700385422
93.36177372285404
81.96436238525887
129.25149453060052
90.20929824649792
133.6164605747859
99.4242265620004
133.1314643476542
108.15415865037117
127.79650584920539
99.4242265620004
125.37152471354685
89.72430201936622
125.37152471354685
143.55888323098594
126.82651339494197
151.803819092225
132.16147189339077
160.04875495346406
132.16147189339077
166.83870213330798
127.79650584920539
161.0187474077275
124.40153225928343
152.2888153193567
124.40153225928343
98.45423410773698
70.5669510476637
112.51912469455655
72.99193218332225
124.15903414571757
74.93191709184909
130.4639850984298
73.96192463758567
136.76893605114202
75.41691331898079
145.49886813951278
73.96192463758567
154.71379645501526
71.53694350192711
146.46886059377618
62.80701141355635
138.22392473253714
59.897034050766095
130.9489813255615
58.927041596502676
124.15903414571757
59.412037823634385
112.03412846742484
62.32201518642464
103.30419637905408
69.59695859340027
123.67403791858587
68.14196991200515
129.97898887129807
67.65697368487345
136.76893605114202
68.62696613913685
150.34883041082986
70.5669510476637
137.2539322782737
69.11196236626857
130.9489813255615
68.14196991200515
124.15903414571757
68.62696613913685
