36.03508060056035
108.79822412092258
36.95905702621574
92.6286366719532
38.807009877526525
76.45904922298381
42.5029155801481
60.75144998684212
49.43273877256355
46.429815389183524
61.90642051891136
36.266074706974194
79.92396081919154
30.722216153041835
99.7894539707825
27.488298663247956
119.19295890954577
25.64034581193717
136.74851099699825
26.102334024764865
151.99412202031223
28.874263301731045
163.08183912817694
37.19005113262959
168.62569768210932
50.1257210918051
171.3976269590755
64.44735568946369
173.70756802321398
79.23097849995
175.55552087452477
94.01460131043629
174.16955623604167
108.79822412092258
59.134491241945184
138.82745795472286
68.83624371132682
146.68125757279373
81.30992545767462
150.37716327541528
94.70758362967783
148.9911986369322
106.25728895037025
142.98535187017214
133.51459350720435
141.59938723168906
142.7543577637583
146.68125757279373
153.84207487162303
147.14324578562142
163.08183912817694
142.52336365734445
169.087685894937
134.6695640392736
121.96488818651194
127.27775263403045
122.88886461216734
120.8099176544427
124.27482925065043
115.26605910051033
125.66079388913352
108.79822412092258
109.95319465299183
93.0906248847809
116.88301784540728
91.7046602462978
122.88886461216734
90.78068382064241
128.4327231660997
91.2426720334701
133.05260529437666
91.7046602462978
75.76606690374227
121.7338940800981
84.5438429474685
125.89178799554736
93.32161899119474
126.35377620837505
101.63740682209328
121.27190586727039
93.32161899119474
119.8859412287873
84.08185473464081
119.8859412287873
133.97658172003204
119.42395301595961
143.21634597658598
123.58184693140888
151.53213380748454
122.65787050575348
157.53798057424459
117.57600016464882
151.07014559465682
116.19003552616573
142.7543577637583
117.57600016464882
91.47366613988396
69.06723781774066
104.87132431188716
76.92103743581151
115.95904141975188
81.07893135126078
121.96488818651194
79.23097849995
127.970734953272
80.15495492560538
137.21049920982594
74.61109637167303
145.06429882789678
64.9093439022914
136.74851099699825
60.28946177401443
127.970734953272
59.82747356118673
121.96488818651194
60.28946177401443
115.03506499409649
61.21343819966982
103.94734788623177
63.5233792638083
96.55553648098862
69.06723781774066
115.49705320692418
70.91519066905146
121.96488818651194
70.45320245622375
127.970734953272
69.99121424339606
140.4444166996198
65.83332032794678
127.970734953272
69.52922603056835
121.96488818651194
69.52922603056835
115.49705320692418
70.45320245622375
