62.914570932461416
139.31083563616457
63.44326480584344
121.33524394117558
66.61542804613562
102.83095837280457
69.25889741304576
84.8553666778156
75.6032238936301
66.87977498282663
85.64840748788865
51.54765265474779
99.92314206920342
38.85899969357911
117.37003989081036
28.81381609932056
135.87432545918136
25.64165285902839
153.3212232807883
29.87120384608462
168.65334560886714
41.502469060489254
181.87069244341785
54.71981589503997
191.9158760376764
68.99455047635475
197.2028147714967
85.91275442457966
199.31759026502482
103.35965224618661
200.9036718851709
120.80655006779355
199.84628413840684
138.2534478894005
74.54583614686604
155.1716518376254
85.64840748788865
160.98728444482774
98.86575432243936
160.98728444482774
111.02571341022602
157.28642733115353
122.65697862463065
150.41340697718715
152.26383553402425
150.94210085056918
162.3090191282828
156.22903958438948
172.35420272254134
159.9298966980637
183.98546793694598
160.98728444482774
194.0306515312045
156.22903958438948
138.51779482609152
139.31083563616457
138.51779482609152
127.1508765483779
138.51779482609152
114.46222358720921
139.04648869947354
101.2448767526585
123.18567249801268
97.01532576560226
130.58738672536109
94.37185639869212
137.9891009527095
91.19969315839995
144.86212130667585
94.37185639869212
151.2064477872602
96.48663189222023
88.82057072818081
139.31083563616457
97.80836657567531
145.12646824336687
108.38224404331588
144.06908049660282
116.84134601742834
135.08128464910834
107.32485629655181
134.02389690234426
96.75097882891124
135.08128464910834
156.49338652108048
135.60997852249037
164.95248849519294
144.06908049660282
174.9976720894515
145.12646824336687
182.92808019018193
139.31083563616457
176.05505983621555
135.08128464910834
166.53857011533904
134.5525907757263
100.98052981596747
81.1545095641414
115.78395827066429
82.74059118428748
129.52999897859704
83.79797893105155
137.46040707932747
82.21189731090546
145.3908151800579
83.26928505766952
157.0220803944625
81.68320343752343
170.23942722901324
80.09712181737734
158.07946814122658
64.76499948929852
145.91950905343992
58.9493668820962
136.4030193325634
57.89197913533214
127.94391735845095
58.9493668820962
114.1978766505182
65.82238723606257
104.68138692964168
79.56842794399532
129.001305105215
77.98234632384923
137.46040707932747
76.92495857708518
145.3908151800579
77.98234632384923
165.48118236857496
78.51104019723125
145.3908151800579
67.40846885620866
136.9317132059454
66.87977498282663
128.47261123183296
67.40846885620866
