57.28680125807132
136.55000472290274
57.28680125807132
117.78363879353456
59.262208198004814
99.01727286416637
62.22531860790505
80.74475866978156
68.15153942770553
63.45994794536349
78.028574127373
47.16284069091216
90.8687192369407
33.33499211137771
107.16582649139204
24.445660881676986
125.43834068577685
22.47025394174349
143.2170031451783
24.93951261666036
157.04485172471274
35.804250786294574
168.40344162933033
49.63209936582903
177.29277285903106
64.94150315031361
183.21899367883154
82.22631387473167
187.16980755869852
100.00497633413312
190.13291796859878
117.28978705855118
191.1206214385655
135.562301252936
70.12694636763902
147.90859462752033
80.0039810673065
155.81022238725433
93.33797791185758
156.79792585722106
105.19041955145855
152.3532602423707
116.54900945607613
145.43933595260347
144.69855835012842
146.9208911575536
155.06944478477925
152.3532602423707
165.93418295441347
155.81022238725433
177.29277285903106
154.3286671823042
184.70054888378166
146.42703942257023
130.87070977059395
131.61148737306902
130.87070977059395
116.79593532356782
131.36456150557734
101.98038327406661
131.36456150557734
87.65868295954878
115.56130598610939
81.7324621397483
122.47523027587661
79.26320346483143
129.88300630062722
76.3000930549312
136.79693059039445
79.26320346483143
143.2170031451783
82.22631387473167
84.44864668215686
131.61148737306902
91.85642270690745
136.55000472290274
101.73345740657493
135.562301252936
110.62278863627564
128.64837696316877
101.23960567159155
126.17911828825191
90.8687192369407
126.17911828825191
146.18011355507855
129.14222869815217
154.08174131481252
136.05615298791938
163.95877601447998
137.04385645788614
170.87270030424722
132.59919084303576
164.94647948444674
127.16682175821866
155.06944478477925
126.67297002323528
98.27649526169131
67.41076182523048
112.59819557620915
64.94150315031361
122.47523027587661
64.44765141533023
128.89530283066046
62.47224447539674
135.8092271204277
64.44765141533023
143.2170031451783
65.43535488529697
155.06944478477925
68.39846529519723
144.20470661514506
57.03987539057963
136.30307885541106
53.08906151071265
129.38915456564385
52.1013580407459
121.98137854089323
52.59520977572927
111.61049210624239
56.54602365559626
102.72116087654167
65.92920662028035
122.47523027587661
60.49683753546324
128.89530283066046
59.5091340654965
135.8092271204277
60.49683753546324
151.11863090491227
65.92920662028035
136.30307885541106
60.990689270446616
129.38915456564385
59.5091340654965
122.47523027587661
60.49683753546324
