62.17452623223602
145.33295506785169
64.24701043997722
126.1624761462456
67.87385780352432
106.99199722463948
71.50070516707142
87.30339725109808
78.23627884223032
70.20540253723317
88.59869988093632
54.661770979174165
101.55172617931883
41.190623628856365
118.13159984124843
29.79196048627976
135.22959455511335
27.20135522660326
151.80946821704293
31.34632364208566
164.76249451542546
43.26310783659756
174.60679450219615
57.252376238850665
182.89673133316094
72.27788674497437
188.59606290444927
88.85776040690398
191.70478921606107
106.47387617270418
193.25915237186695
124.08999193850438
193.77727342380226
141.1879866523693
71.50070516707142
157.2497392623636
81.34500515384212
165.0215550413931
94.81615250415993
166.575918197199
107.76917880254243
162.9490708336519
120.72220510092494
156.7316182104283
147.66449980156054
157.2497392623636
159.58128399607244
163.4671918855872
172.01618924251966
167.0940392491343
184.45109448896685
166.0577971452637
193.25915237186695
158.2859813662342
133.67523139930745
140.669865600434
133.67523139930745
127.7168393020515
133.67523139930745
114.24569195173369
134.19335245124273
101.29266565335118
121.24032615286023
96.11145513399818
127.45777877608384
93.52084987432168
134.19335245124273
90.93024461464518
140.41080507446634
93.52084987432168
146.11013664575464
96.62957618593347
87.04433672513042
138.0792603407575
95.33427355609523
141.7061077043046
105.17857354286593
140.669865600434
112.95038932189543
135.488655081081
104.14233143899533
133.41617087333978
94.29803145222463
133.9342919252751
153.36383137284884
135.488655081081
161.13564715187835
141.1879866523693
170.46182608671376
141.7061077043046
177.71552081380796
138.0792603407575
171.49806819058435
134.4524129772104
162.17188925574894
133.9342919252751
108.28729985447774
72.27788674497437
118.13159984124843
77.45909726432737
127.45777877608384
80.04970252400388
134.19335245124273
79.01346042013327
140.92892612640165
80.56782357593917
150.25510506123706
78.49533936819797
159.58128399607244
74.35037095271558
152.32758926897824
60.36110255046247
143.51953138607814
55.17989203110947
135.74771560704863
54.14364992723887
127.97589982801914
54.661770979174165
117.61347878931313
59.32486044659187
113.98663142576603
71.24164464110378
127.45777877608384
73.83224990078027
134.71147350317804
73.83224990078027
141.44704717833693
74.35037095271558
153.88195242478415
72.79600779690968
142.48328928220755
66.57855517368607
135.22959455511335
66.06043412175077
127.97589982801914
66.57855517368607
