63.05185761198567
144.01044278577527
65.06951705556921
124.84267807173163
68.09600622094452
106.68374307947975
72.63573996900749
89.02922294812376
79.69754802154989
72.38353253855955
89.78584523946759
57.25108671168299
100.88297217917707
43.127470606598195
113.4933437015742
29.508269362409294
128.62578952845075
24.968535614346326
144.26265021622322
29.00385450151341
160.40392576489154
41.109811163014655
175.5363715917681
54.22459754630768
188.65115797506112
69.35704337318424
197.73062547118707
86.50714864364434
202.27035921925003
107.18815794037563
205.80126324552123
127.36475237621104
207.81892268910477
148.55017653383823
67.59159136004864
151.57666569921355
77.17547371707046
156.1163994472765
88.77701551767582
154.09874000369297
99.8741424573853
150.0634211165259
110.4668545361989
144.01044278577527
141.2361610508479
144.51485764667115
154.35094743414092
149.55900625563
167.46573381743394
153.0899102819012
180.07610533983106
153.0899102819012
191.17323227954054
148.55017653383823
126.60813008486723
130.39124154158637
126.10371522397134
115.76321057560568
125.59930036307546
100.63076474872912
125.09488550217957
86.50714864364434
112.48451397978243
86.00273378274845
118.53749231053305
81.96741489558137
126.10371522397134
78.43651086931017
134.1743529983055
82.47182975647725
141.74057591174378
85.49831892185257
83.22845204782108
135.4353901505452
92.30791954394702
138.46187931592053
101.89180190096884
136.94863473323286
109.45802481440712
129.38241181979458
100.37855731828118
128.8779969588987
90.79467496125936
130.39124154158637
147.7935542424944
128.37358209800283
155.86419201682858
135.4353901505452
165.4480743738504
136.444219872337
173.51871214818456
132.91331584606579
166.96131895653804
128.37358209800283
157.37743659951622
127.36475237621104
98.36089787469764
76.92326628662252
110.97126939709477
74.40119198214309
120.5551517541166
73.39236226035132
128.62578952845075
71.37470281676778
137.7052570245767
73.39236226035132
148.80238396428618
74.90560684303897
162.42158520847508
76.92326628662252
150.31562854697384
60.2775758770583
138.20967188547257
53.21576782451591
128.62578952845075
51.702523241828246
120.05073689322072
53.21576782451591
109.962439675303
60.2775758770583
104.41387620544826
73.8967771212472
120.5551517541166
68.85262851228835
128.62578952845075
67.84379879049658
137.20084216368082
69.35704337318424
156.87302173862034
74.90560684303897
138.20967188547257
62.79965018153773
128.62578952845075
61.79082045974595
120.5551517541166
63.30406504243361
