27.593818867139166
126.8863310202055
28.950891926178794
106.07787744826449
30.76032267156497
85.26942387632349
35.73625722137695
66.27040104976865
45.23576863465437
47.72373590956036
61.0682876567834
32.79593226012442
79.16259511064514
20.58227472876774
98.61397562354652
11.987478688183408
116.70828307740827
10.630405629143777
130.73137135415112
15.153982492609213
138.8738097083889
28.27235539665898
145.20681731724054
42.295443673401834
151.99218261243868
56.31853195014469
158.32519022129028
70.79397791323409
162.3964093984092
86.17413924901658
163.30112477110228
102.45901595749214
162.3964093984092
118.74389266596772
58.354141538704134
129.60047713828476
71.4725144427539
136.83820011982945
85.9479604058433
140.4570616106018
101.78047942797232
140.00470392425527
116.25592539106172
134.57641168809675
135.25494821761657
133.67169631540366
144.30210194454745
137.74291549252254
153.34925567147832
141.3617769832949
162.3964093984092
140.4570616106018
166.01527088918152
133.21933862905712
125.3030791179926
119.19625035231427
127.11250986337878
107.43495050730412
129.3742982951115
96.12600834864054
131.6360867268442
84.3647085036304
111.27999084124974
76.22227014939261
118.970071509141
73.96048171765989
126.20779449068569
71.69869328592718
132.08844441319076
73.50812403131334
136.6120212766562
77.1269855220857
75.5437336198728
120.55332341135389
84.13852966045712
125.07690027481932
93.185683387388
125.07690027481932
100.87576405527925
118.74389266596772
92.2809680146949
117.83917729327463
83.23381428776403
117.83917729327463
132.99315978588385
117.83917729327463
140.68324045377508
124.62454258847279
149.2780364943594
125.52925796116587
154.70632873051795
121.00568109770043
149.73039418070596
117.38681960692809
141.13559814012163
116.93446192058154
90.0191795829622
58.12796269553086
103.13755248701196
61.29446649995667
116.70828307740827
62.6515395589963
123.49364837260643
60.842108813610125
129.82665598145803
62.6515395589963
137.06437896300272
60.38975112726358
141.13559814012163
56.77088963649123
135.70730590396312
47.271378223213816
128.92194060876494
42.295443673401834
122.1365753135668
41.390728300708744
113.99413695932901
42.295443673401834
101.78047942797232
47.72373590956036
93.63804107373454
57.22324732283778
115.80356770471518
57.67560500918432
123.04129068625988
56.77088963649123
129.3742982951115
57.22324732283778
137.96909433569581
55.86617426379814
128.92194060876494
51.79495508667925
122.58893299991334
50.437882027639624
115.35121001836865
51.34259740033271
