49.46026706667537
144.99667766388515
51.54280462737749
125.21257083721501
55.187245358606205
105.9490984007204
59.35232048001044
86.68562596422578
66.12056755229234
68.98405669825776
79.65706169685612
54.40629377334291
95.79672779229756
42.95233718948124
114.01893144844112
33.06028377614617
132.76176949476022
30.977746215444046
148.90143559020163
34.10155255649723
162.43792973476542
46.076143530534424
173.8918863186271
60.13327206527374
182.7426709516111
75.23166938036411
187.9490148533664
92.41260425615661
191.0728211944196
109.59353913194911
194.19662753547277
126.7744740077416
196.2791650961749
144.47604327370962
70.28564267369657
153.32682790669364
82.7808680379093
158.0125374182734
96.31736218247309
158.53317180844894
109.33322193686135
154.88873107722023
121.82844730107406
150.20302156564046
146.8188980294995
149.1617527852894
158.27285461336118
154.3680966870447
170.24744558739837
157.49190302809788
181.70140217126004
158.53317180844894
191.0728211944196
152.8061935165181
134.84430705546234
137.70779620142775
135.36494144563787
125.21257083721501
135.8855758358134
112.19671108282677
136.92684461616446
99.18085132843851
122.86971608142512
92.93323864633214
129.1173287635315
90.85070108563002
135.8855758358134
88.7681635249279
141.6125541277442
90.85070108563002
146.8188980294995
93.45387303650767
86.42530876913801
137.70779620142775
95.27609340212203
142.3935057130075
105.68878120563264
141.87287132283197
112.45702827791453
135.1046242505501
104.12687803510605
133.5427210800235
94.23482462177097
133.5427210800235
152.0252419312548
135.62525864072563
160.3553921740633
141.87287132283197
169.72681119722284
143.43477449335856
177.01569265968027
139.26969937195432
170.7680799775739
134.58398986037457
161.9172953445899
134.06335547019904
105.68878120563264
73.14913181966199
117.66337217966982
75.23166938036411
128.59669437335597
77.83484133124176
135.36494144563787
75.75230377053964
142.13318851791973
78.35547572141729
150.46333876072822
76.7935725508907
158.7934890035367
75.23166938036411
150.98397315090375
65.86025035720458
142.65382290809526
61.69517523580033
135.8855758358134
60.13327206527374
128.59669437335597
60.65390645544927
117.66337217966982
63.77771279650245
110.37449071721241
71.5872286491354
128.07605998318044
70.54595986878434
135.36494144563787
70.54595986878434
142.13318851791973
71.5872286491354
154.10777949195693
73.14913181966199
142.65382290809526
71.5872286491354
135.36494144563787
70.0253254786088
128.59669437335597
70.54595986878434
