57.05136683450532
122.43324298555346
59.57576359709405
105.77222435246783
62.10016035968279
89.11120571938221
64.11967776975376
71.44042838126109
70.17822999996673
55.789168453210955
81.79045510787489
42.662305287749554
95.42219762585404
32.56471823739463
112.08321625893966
24.48664859711069
128.74423489202528
22.46713118703971
144.90037417259316
26.001286654663932
159.03699604309006
35.089114999983366
170.64922115099822
46.701340107891525
179.23217014379992
60.333082625870674
183.77608431645962
76.48922190643856
186.30048107904835
92.14048183448868
188.31999848911934
108.29662111505657
189.32975719415484
124.45276039562444
68.15871258989574
146.6674519064053
77.24654093521518
154.74552154668922
89.86852474815883
157.26991830927795
103.50026726613798
155.7552802517247
117.13200978411713
151.211366079065
139.85158064741572
152.72600413661823
151.46380575532388
157.7747976617957
163.58091021574978
160.29919442438444
175.6980146761757
157.7747976617957
184.28096366897736
150.2016073740295
128.74423489202528
138.0845029136036
128.74423489202528
128.99667456828416
129.24911424454302
119.90884622296473
129.75399359706077
110.31613852512756
118.14176848915261
96.68439600714841
123.69544136684783
96.17951665463066
129.24911424454302
94.66487859707742
134.2979077697205
95.67463730211291
139.34670129489797
97.18927535966615
81.79045510787489
132.02595068339065
90.37340410067658
138.58938226612133
100.4709911510315
138.58938226612133
109.05394014383319
131.01619197835515
99.96611179851375
128.99667456828416
89.86852474815883
128.99667456828416
145.4052535251109
132.02595068339065
154.49308187043036
140.10402032367458
164.59066892078528
140.60889967619232
171.6589798560337
134.55034744597936
165.09554827330302
131.01619197835515
155.50284057546583
130.5113126258374
99.96611179851375
68.41115226615462
110.56857820138643
78.00385996399179
122.18080330929459
82.54777413665151
129.75399359706077
81.53801543161602
136.82230453230923
83.05265348916926
146.91989158266415
79.01361866902728
155.50284057546583
69.42091097119011
146.91989158266415
58.31356521579969
137.32718388482698
53.76965104313997
129.24911424454302
53.264771690622226
121.67592395677684
53.76965104313997
110.06369884886868
57.3038065107642
104.51002597117346
68.41115226615462
122.18080330929459
75.98434255392081
129.75399359706077
75.98434255392081
137.32718388482698
75.98434255392081
150.45404705028838
69.42091097119011
136.82230453230923
63.36235874097715
129.24911424454302
62.8574793884594
121.67592395677684
62.8574793884594
