68.73072103787653
139.16752380364363
69.21817296013099
122.59415844699255
72.63033641591208
105.53334116808702
78.4797594829654
88.95997581143595
84.81663447227318
72.38661045478487
92.61586522834428
57.275600864897115
101.8774517511787
41.67713935275492
112.60139404077646
29.003389374139392
127.22495170840976
25.103773996103843
143.79831706506084
28.028485529630505
160.37168242171194
38.264975896973816
174.99524008934523
51.42617779784379
186.69408622345188
67.02463930998599
194.49331697952297
85.54781235565484
199.36783620206742
104.0709854013237
202.77999965784852
124.54396613601033
203.7549035023574
145.99185071520583
68.2432691156221
149.40401417098695
76.52995179394763
153.3036295490225
87.25389408354539
151.35382186000473
97.49038445088871
146.96675455971473
107.23942289597758
141.60478341491586
133.56182669771752
143.06713918167918
146.72302859858752
149.40401417098695
159.8842304994575
154.27853339353138
174.99524008934523
154.27853339353138
187.18153814570633
148.42911032647805
120.888076719102
127.95612959179142
120.40062479684755
114.79492769092145
119.91317287459312
102.12117771230592
118.93826903008423
89.44742773369039
108.21432674048647
85.0603604334004
114.06374980753979
82.13564889987374
120.40062479684755
80.6732931331104
128.19985555291865
82.62310082212818
135.5116343867353
84.57290851114595
79.94211524972874
131.855744969827
88.22879792805428
135.26790842560808
97.97783637314315
134.29300458109918
105.77706712921425
126.4937738250281
96.51548060637982
125.03141805826476
86.76644216129095
126.00632190277365
143.3108651428064
126.4937738250281
151.59754782113194
134.78045650335363
162.3214901107297
135.75536034786253
171.58307663356413
131.855744969827
164.2712977997475
126.00632190277365
153.5473555101497
125.03141805826476
99.44019213990649
64.09992777645932
106.75197097372313
68.48699507674932
115.03865365204868
71.41170661027598
120.888076719102
68.97444699900376
127.71240363066421
70.92425468802153
138.92379784251642
67.02463930998599
150.62264397662307
62.637572009695994
139.8987016870253
50.93872587558935
128.6873074751731
46.06420665304491
120.888076719102
46.06420665304491
113.57629788528534
47.0391104975538
105.77706712921425
52.88853356460712
103.82725944019647
62.637572009695994
114.55120172979423
62.15012008744155
120.888076719102
61.17521624293266
127.71240363066421
61.66266816518711
145.74812475407862
61.66266816518711
128.19985555291865
59.22540855391489
120.888076719102
58.737956631660445
114.55120172979423
60.200312398423776
