77.18306151326418
159.7575868822343
78.88562904664501
141.0293440150452
82.8582866245336
122.86862365898305
87.39846671354914
104.7079033029209
95.34378186932635
88.24975048023956
105.55918706961131
73.49416519093906
117.4771598032771
59.30610241276549
130.53017755919677
48.52317470135358
145.85328535962424
45.68556214571887
161.74391567117863
47.3881296790997
174.79693342709828
57.60353487938467
187.28242867189104
71.22407514643129
197.497833872176
87.11470545798568
204.87562651682626
104.14038079179394
210.55085162809567
122.86862365898305
215.65855422823816
141.59686652617216
217.9286442727459
161.46015441561514
81.15571909115278
164.29776697124987
93.07369182481857
168.8379470602654
106.12670958073825
166.56785701575762
118.61220482553098
163.16272194899597
131.09770007032373
158.62254185998043
160.0413481377978
158.62254185998043
173.09436589371748
163.73024446012292
186.7149061607641
167.13537952688458
200.3354464278107
168.27042454913845
212.82094167260345
163.73024446012292
146.42080787075116
147.27209163744158
146.42080787075116
132.51650634814106
146.98833038187811
117.76092105884057
147.55585289300507
103.00533576954007
132.2327450925776
101.30276823615924
139.61053773722787
97.89763316939758
146.98833038187811
95.06002061376287
154.9336455376553
97.89763316939758
161.17639316005167
100.7352457250323
97.61387191383412
151.2447492153302
105.55918706961131
155.78492930434572
116.90963729215015
155.21740679321877
124.85495244792736
147.27209163744158
115.77459226989627
145.56952410406075
104.42414204735742
146.1370466151877
167.41914078244804
147.27209163744158
175.9319784493522
155.21740679321877
186.7149061607641
155.78492930434572
195.22774382766823
151.2447492153302
188.41747369414492
146.1370466151877
177.63454598273302
145.56952410406075
120.31477235891181
83.14204788009708
130.53017755919677
83.70957039122402
140.1780602483548
84.84461541347791
146.42080787075116
83.14204788009708
153.23107800427448
85.41213792460485
161.74391567117863
83.70957039122402
172.52684338259053
83.70957039122402
162.31143818230555
74.061687702066
153.23107800427448
69.52150761305046
146.42080787075116
69.52150761305046
139.61053773722787
70.0890301241774
130.53017755919677
74.061687702066
124.28742993680041
81.43948034671625
140.1780602483548
80.30443532446236
146.42080787075116
79.16939030220848
153.23107800427448
80.30443532446236
167.986663293575
82.00700285784319
152.66355549314753
79.73691281333542
146.42080787075116
79.16939030220848
139.61053773722787
79.73691281333542
