76.29443779253107
133.38725533526406
74.75830817254723
117.5139159287643
75.7823945858698
101.64057652226455
79.87874023916005
86.27928032242608
87.047345132418
71.43002732924889
96.2641228523211
56.580774336071705
105.48090057222417
41.73152134289452
116.2338079121111
28.930441176362454
130.571017698627
23.810009109749632
146.95640031178806
26.882268349717325
162.8297397182878
36.61108927628169
177.67899271146499
49.41216944281375
191.5041592913196
63.23733602266837
200.7209370112227
80.13476184249069
205.32932587117423
98.56831728229686
207.37749869781936
117.5139159287643
207.88954190448064
135.94747136857046
76.80648099919236
152.8448971883928
82.43895627246647
160.52554528831203
92.16777719903082
163.08576132161843
102.40864133225648
160.52554528831203
112.13746225882085
155.9171564283605
141.32392503851395
155.9171564283605
154.63704841170727
161.0375884949733
167.95017178490062
163.08576132161843
180.7512519514327
160.52554528831203
190.99211608465833
153.35694039505407
125.96262883867547
138.5076874018769
124.9385424253529
128.77886647531253
123.40241280536905
119.05004554874816
121.86628318538521
109.32122462218379
112.13746225882085
100.10444690228071
117.76993753209494
98.05627407563557
124.42649921869162
96.00810124899044
132.61919052527213
98.05627407563557
140.29983862519137
99.59240369561942
87.047345132418
135.4354281619092
94.21595002567597
140.04381702186075
103.94477095224032
139.53177381519944
112.13746225882085
132.87521212860278
102.92068453891775
130.82703930195765
93.19186361235339
130.82703930195765
147.9804867251106
133.38725533526406
157.1972644450137
140.04381702186075
167.43812857823934
140.55586022852202
176.14286309148113
136.45951457523176
168.9742581982232
131.8511257152802
158.22135085833625
131.33908250861893
103.43272774557904
76.55045939586172
110.08928943217572
81.67089146247454
119.3060671520788
84.23110749578095
124.9385424253529
82.18293466913582
132.61919052527213
83.71906428911967
146.44435710512676
79.62271863582941
158.73339406499753
73.47820015589403
147.46844351844933
57.60486074939427
133.6432769385947
51.97238547612016
125.45058563201418
51.46034226945888
118.28198073875623
53.50851509610401
109.57724622551443
60.67711998936196
108.55315981219186
75.01432977587787
119.3060671520788
75.52637298253916
125.45058563201418
74.5022865692166
132.61919052527213
75.01432977587787
153.10091879172344
71.94207053591018
133.1312337319334
63.749379229329655
125.45058563201418
63.23733602266837
118.7940239454175
65.2855088493135
