76.42525037014474
143.15889290349574
76.97905653224723
127.0985142025233
79.74808734275972
111.03813550155085
84.1785366395797
96.08536912478341
88.60898593639969
81.13260274801597
95.25465988162966
66.17983637124851
106.33078312367962
55.10371312919855
122.39116182465207
48.45803918396858
140.11295901193202
46.79662069766108
159.49617468551943
47.35042685976359
178.87939035910688
51.22706999448107
193.83215673587432
59.53416242601854
204.3544738158218
72.271704154376
211.00014776105175
87.77827669324594
216.53820938207673
104.39246155632088
220.4148525167942
120.45284025729333
224.29149565151172
138.17463744457328
84.1785366395797
163.09591473918567
92.48562907111717
170.84920100862064
104.11555847526964
171.95681333282565
116.29929404152459
169.74158868441566
127.37541728357455
163.64972090128816
157.28095003710945
165.31113938759566
171.1261040896719
170.29539484651815
184.97125814223435
171.95681333282565
198.2626060326943
168.63397636021065
208.23111695053927
160.8806900907757
142.328183660342
150.35837301082822
141.7743774982395
140.38986209298326
141.220571336137
130.42135117513828
140.11295901193202
120.45284025729333
130.14444809408704
109.37671701524337
135.12870355300953
107.71529852893588
140.6667651740345
106.60768620473088
146.2048267950595
107.71529852893588
150.63527609187946
108.82291085314087
96.91607836793716
145.92792371400824
103.00794615106464
151.46598533503322
112.4226509068071
150.9121791729307
121.83735566254957
144.82031138980324
112.4226509068071
142.05128057929076
102.45413998896214
141.49747441718824
163.92662398233944
144.82031138980324
171.6799102517744
151.46598533503322
182.20222733172187
150.35837301082822
190.50931976325933
145.37411755190573
182.75603349382436
142.05128057929076
172.78752257597938
142.05128057929076
118.51451868993459
82.79402123432347
126.26780495936956
92.20872599006593
134.57489739090704
96.63917528688592
140.11295901193202
94.97775680057842
146.75863295716198
96.63917528688592
156.17333771290444
92.20872599006593
165.58804246864693
84.45543972063095
156.72714387500696
78.36357193750348
147.3124391192645
76.14834728909348
140.11295901193202
75.59454112699099
133.46728506670203
76.14834728909348
125.71399879726705
77.80976577540098
122.94496798675456
83.90163355852846
134.02109122880452
87.22447053114344
140.11295901193202
87.22447053114344
146.75863295716198
87.22447053114344
160.60378700972444
84.45543972063095
146.75863295716198
87.22447053114344
140.11295901193202
86.67066436904095
134.02109122880452
86.67066436904095
