65.61238735195971
149.24129090302313
66.68800025936889
129.3424521159534
68.30141962048266
109.98141978258822
70.45264543530101
90.08258099551847
76.36851642605147
71.79716156956248
87.66245195384782
55.12516150472025
101.10761329646252
40.604387254696384
117.24180690760015
27.697032365786274
136.60283924096532
23.93238718985416
155.96387157433048
26.08361300467251
172.6358716391727
37.37754853246886
186.618839435492
52.43612923619732
197.91277496328834
69.64593575474413
203.29083950033422
89.54477454181388
206.51767822256173
109.44361332888363
209.20671049108466
129.3424521159534
210.82012985219845
149.7790973567277
77.44412933346065
146.01445218079562
86.58683904643864
155.69496834747818
100.03200038905334
157.30838770859194
114.01496818537262
155.1571618937736
127.99793598169191
150.85471026413688
150.04800058358
150.3169038104323
163.49316192619472
154.619355440069
176.40051681510482
157.84619416229654
189.8456781577195
155.69496834747818
198.9883878706975
147.09006508820477
137.6784521483745
142.78761345856807
137.6784521483745
130.41806502336254
137.6784521483745
118.58632304186162
137.6784521483745
105.67896815295151
124.2332908057598
99.76309716220105
130.68696825021485
97.07406489367811
137.1406456946699
94.92283907885975
144.13212959282956
96.53625843997352
150.5858070372846
98.14967780108728
93.57832294459828
142.2498070048635
101.10761329646252
146.5522586345002
110.7881294631451
146.01445218079562
118.31741981500933
140.6363876437497
109.71251655573592
139.56077473634053
100.56980684275793
139.02296828263596
157.57729093544424
140.09858119004514
165.64438774101305
145.476645727091
175.32490390769564
144.93883927338644
182.31638780585527
140.6363876437497
175.86271036140022
137.94735537522678
166.72000064842223
138.48516182893138
109.17471010203134
79.8642583751313
119.3930327224185
80.93987128254047
129.61135534280567
80.93987128254047
137.1406456946699
78.78864546772212
145.2077425002387
80.40206482883589
155.42606512062588
79.32645192142671
165.64438774101305
78.25083901401753
154.8882586669213
69.64593575474413
144.66993604653413
65.88129057881201
136.06503278726072
65.34348412510742
128.5357424353965
66.4190970325166
118.85522626871392
70.7215486621533
113.47716173166803
78.25083901401753
129.0735488891011
75.02400029179
136.60283924096532
73.94838738438084
145.2077425002387
74.48619383808541
161.34193611137636
77.17522610660836
144.66993604653413
74.48619383808541
136.60283924096532
73.41058093067625
128.5357424353965
74.48619383808541
