66.14965090583
150.9367034557629
67.72464259406405
130.4618115087203
70.87462597053215
111.56191124991172
72.4496176587662
92.13701376169179
77.69958995287969
73.76211073229457
87.67453731169533
57.48719662054275
101.32446527639041
43.837268655847666
116.54938492931953
30.18734069115258
133.3492962704827
24.93736839703909
151.72419929987993
28.087351773507187
169.57410509986582
38.58729636173417
185.3240219822063
51.7122270970179
197.92395548807866
67.46214397935837
204.74891947042622
85.8370470087556
207.89890284689432
105.78694172638687
211.57388345277374
126.26183367342949
214.72386682924184
147.7867200792948
73.4996121175889
152.51169514399697
82.42456501758184
159.3366591263445
94.49950129404287
158.81166189693315
106.04944034109255
156.1866757498764
117.07438215873088
150.41170622635155
149.09921315282318
148.83671453811752
161.69914665869558
153.56168960281965
174.29908016456795
155.66167852046505
186.89901367044033
155.13668129105372
197.39895825866734
149.8867089969402
132.82429904107136
138.8617671793019
132.29930181166
125.2118392146068
131.24930735283732
112.08690847932307
130.1993128940146
98.43698051462799
117.59937938814224
95.81199436757124
123.37434891166707
92.13701376169179
130.72431012342597
88.9870303852237
139.12426579400756
92.13701376169179
146.47422700576644
95.28699713815989
87.67453731169533
139.91176163812457
96.59949021168826
143.58674224400403
106.5744375705039
142.53674778518132
115.49939047049683
136.23678103224515
105.52444311168121
135.7117838028338
95.54949575286557
136.23678103224515
154.34918544693667
134.66178934401108
162.74914111751826
140.43675886753593
172.72408847633392
140.96175609694728
181.64904137632684
136.76177826165647
173.24908570574524
134.13679211459973
163.79913557634097
134.13679211459973
101.32446527639041
83.21206086169886
113.92439878226278
84.26205532052155
124.42434337048978
83.73705809111021
132.82429904107136
82.16206640287616
142.27424917047566
83.73705809111021
154.87418267634803
83.73705809111021
170.09910232927717
82.6870636322875
155.92417713517074
67.98714120876973
142.799246399887
62.21217168524489
132.82429904107136
61.687174455833535
123.89934614107842
62.73716891465624
112.87440432344009
68.51213843818108
106.5744375705039
81.11207194405345
123.89934614107842
78.48708579699671
132.82429904107136
77.43709133817401
142.27424917047566
78.48708579699671
165.374127264575
81.63706917346481
142.799246399887
70.61212735582647
133.3492962704827
69.56213289700378
124.42434337048978
70.61212735582647
