35.801293442471575
105.87577633901655
35.801293442471575
87.97512961778077
37.11109686109859
68.32807833837563
41.477108256521944
49.11762819851283
51.082333326453345
31.65358261681938
65.0535697918081
18.992149570091627
82.51761537350156
9.823525639702567
100.41826209473734
3.2745085465675223
117.44570653688847
1.0915028488558407
132.72674642087023
4.584311965194531
141.45876921171697
16.80914387237995
149.31758972347902
30.78038033773471
155.86660681661405
46.06142022171648
160.66921935157976
62.65226352432526
163.7254273283761
79.24310682693404
162.85222504929143
95.39734899000048
158.48621365386808
110.67838887398224
58.9411538382154
129.88883901384506
68.98298004768914
137.31105838606476
81.20781195487454
140.80386750240345
94.30584614114464
140.80386750240345
106.09407690878771
136.4378561069801
126.61433046727753
134.2548504092684
134.9097521185819
138.62086180469177
143.64177490942865
139.93066522331878
151.5005954211907
137.7476595256071
155.86660681661405
130.32544015338738
118.75550995551546
118.10060824620197
121.81171793231182
108.05878203672823
124.86792590910818
97.58035468771216
127.92413388590454
86.66532619915375
105.65747576924538
77.06010112922236
114.38949856009211
74.44049429196834
123.12152135093883
71.82088745471432
130.54374072315855
74.003893152426
136.65615667675127
77.06010112922236
73.3489914431125
115.48100140894795
80.77121081533221
119.84701280437132
89.0666324666366
119.84701280437132
96.92545297839865
114.17119799032093
88.63003132709427
113.29799571123627
80.33460967578988
113.29799571123627
128.79733616498922
113.7345968507786
136.21955553720892
118.97381052528664
144.07837604897097
119.41041166482897
149.31758972347902
114.60779912986328
144.07837604897097
112.42479343215159
136.21955553720892
112.42479343215159
81.64441309441689
56.53984757073255
97.36205411794099
61.34246010569825
112.64309400192276
63.52546580340993
121.37511679276949
62.215662384782924
128.79733616498922
63.52546580340993
137.52935895583593
60.90585896615591
144.07837604897097
54.7934430125632
137.52935895583593
42.13200996583545
128.36073502544687
36.892796291327414
120.06531337414248
35.58299287270041
110.46008830421108
36.892796291327414
96.05225069931399
43.00521224492012
86.01042448984025
55.23004415210554
112.20649286238043
57.41304984981722
121.37511679276949
56.53984757073255
128.79733616498922
56.53984757073255
139.7123646535476
53.483639593936196
127.92413388590454
46.498021361258814
120.06531337414248
45.62481908217414
111.33329058329575
46.498021361258814
