72.29330105930929
143.77126413674665
72.83685971389056
125.83382853556466
75.55465298679692
108.43995158896392
78.81600491428456
90.50251598778192
85.33870876925984
74.19575635034374
95.12276455172274
60.06323133123065
108.16817226167329
47.0178236212801
122.30069728078638
36.14665052965464
139.6945742273871
32.885298602167005
157.08845117398783
35.60309187507337
171.7645348476822
46.474264966698826
184.80994255763275
59.51967267664937
195.13755699467694
74.19575635034374
201.11670219507096
92.13319195152575
204.37805412255858
110.61418620728902
208.1829647046275
128.55162180847103
209.8136406683713
147.57617471881557
77.18532895054074
157.3602305012785
86.96938473300365
162.79581704709122
98.92767513379165
161.70869973792867
109.7988482254171
158.9909064650223
121.75713862620512
154.64243722837213
156.0013338648253
157.3602305012785
168.50318292019458
162.25225839250993
180.46147332098258
164.42649301083503
192.96332237635184
164.42649301083503
202.20381950423348
158.44734781044102
138.0638982636433
142.14058817300284
138.0638982636433
130.18229777221484
138.0638982636433
118.22400737142684
138.0638982636433
105.72215831605756
125.56204920827402
97.56877849733847
132.0847530632493
95.39454387901338
138.0638982636433
93.76386791526956
144.58660211861857
95.93810253359466
151.10930597359385
97.0252198427572
91.31785396965384
142.68414682758413
100.0147924429542
147.57617471881557
110.88596553457965
147.57617471881557
119.03934535329874
139.96635355467774
110.34240687999838
137.79211893635267
99.47123378837293
137.79211893635267
159.26268579231294
140.50991220925903
167.95962426561331
149.20685068255938
178.83079735723877
149.75040933714067
187.52773583053911
144.31482279132794
179.91791466640132
139.42279490009648
169.59030022935713
138.87923624551522
112.51664149832348
75.82643231408755
122.84425593536766
79.63134289615647
132.62831171783057
82.34913616906283
139.15101557280585
80.71846020531902
146.21727808236238
82.34913616906283
156.0013338648253
79.63134289615647
166.32894830186947
75.82643231408755
157.08845117398783
64.9552592224621
146.76083673694367
60.06323133123065
139.15101557280585
59.51967267664937
132.0847530632493
60.06323133123065
122.30069728078638
64.9552592224621
117.9522280441362
74.73931500492502
132.62831171783057
76.36999096866883
139.15101557280585
75.82643231408755
146.21727808236238
75.82643231408755
160.89336175605675
74.73931500492502
146.21727808236238
71.47796307743738
139.15101557280585
70.39084576827483
132.62831171783057
71.47796307743738
