70.93465414598728
129.2201217134943
69.44651454851902
113.84267920632225
69.94256108100844
97.47314363417134
72.42279374345554
80.60756152953101
76.39116600337093
63.74197942489067
84.32791052320167
47.37244385273976
94.74488770547951
33.483140943035956
108.1381440826939
22.07407069577926
124.50767965484481
17.609651903374466
142.86140135695342
19.59383803333215
160.22302999408316
27.034536020673475
175.1044259687658
37.94755973544075
187.50558928100136
51.836862645144556
194.94628726834267
67.71035168480604
199.9067525932369
85.0719803219358
202.386985255684
103.4257020240444
203.87512485315227
121.28337719366357
77.38325906834976
148.06988994809234
84.82395705569108
153.52640180547598
94.74488770547951
154.0224483379654
104.66581835526794
151.04616914302886
114.09070247256696
146.08570381813465
138.89302909703804
148.06988994809234
149.8060528118053
153.03035527298655
161.71116959155142
155.01454140294425
174.11233290378698
153.52640180547598
185.02535661855424
147.5738434156029
125.49977271982365
133.1884939734097
124.50767965484481
122.27547025864241
123.51558658986598
111.85849307636457
122.52349352488713
100.44942282910787
111.11442327763044
89.04035258185117
117.06698166750348
87.05616645189349
123.01954005737655
85.0719803219358
130.46023804471787
86.56011991940406
137.9009360320592
88.04825951687233
86.31209665315936
131.204307843452
92.76070157552184
135.17268010336738
101.193492627842
134.67663357087795
109.13023714767274
129.2201217134943
100.69744609535257
128.7240751810049
92.76070157552184
129.2201217134943
146.82977361686878
128.7240751810049
154.76651813669952
134.18058703838852
163.69535572150912
134.18058703838852
171.63210024133986
129.71616824598374
163.69535572150912
128.22802864851548
155.26256466918895
128.22802864851548
95.73698077045836
68.70244474978489
105.65791142024679
72.17477047721084
116.07488860252465
74.65500313965795
124.01163312235539
72.67081700970026
132.940470707165
74.65500313965795
146.82977361686878
72.17477047721084
160.7190765265726
67.71035168480604
147.82186668184764
54.317095307591664
133.93256377214382
48.3645369177186
124.50767965484481
47.86849038522918
115.57884207003522
48.860583450208026
105.16186488775737
55.805234905059926
100.20139956286316
67.21430515231663
115.57884207003522
66.22221208733778
123.51558658986598
65.23011902235893
132.44442417467556
66.22221208733778
156.7507042666572
66.7182586198272
133.93256377214382
59.27756063248588
124.50767965484481
58.78151409999646
116.57093513501407
59.773607164975296
