75.134189511637
126.13587444503298
77.12449916757441
112.20370685347116
80.60754106546487
99.76427150386237
86.57847003327709
85.83210391230055
93.04697641507364
72.89509114870742
99.5154827968702
59.9580783851143
105.48641176468242
47.021065621521174
112.95007297444768
34.581630271912395
126.38466315202515
29.605856132068887
143.3022952274931
30.10343354605324
163.20539178686712
38.064672169802854
181.61575610428812
48.513797863474224
197.040655937803
62.44596545503605
205.99704938952132
78.86602011651964
210.97282352936483
98.27153926190933
212.96313318530224
118.67221323526772
213.46071059928659
140.06804203659482
65.68021864593433
146.03897100440702
70.1584153717935
154.497787042141
80.10996365148051
154.497787042141
91.05666675913623
150.51716773026618
101.00821503882325
144.54623876245398
126.88224056600951
145.04381617643833
141.80956298554005
152.00989997221924
157.73204023303927
155.4929418701097
174.6496723085072
153.00505480018793
187.58668507210035
146.03897100440702
113.94522780241638
130.1164937569078
112.45249556046333
116.68190357933031
110.46218590452592
103.7448908157372
108.47187624858853
90.31030063815972
104.49125693671371
84.83694908433185
108.96945366257287
81.35390718644139
115.43796004436943
79.363597530504
121.906466426166
81.35390718644139
129.37012763593125
83.84179425636314
79.11480882351181
132.1068034128452
85.58331520530838
137.58015496667306
96.5300183129641
137.08257755268872
106.97914400663547
127.13102927300169
95.5348634849954
125.14071961706428
84.58816037733968
125.14071961706428
138.82409850163393
126.63345185901734
148.2780693673366
136.08742272472
161.21508213092974
136.08742272472
171.6642078246011
130.1164937569078
162.21023695889843
124.14556478909559
149.27322419530532
123.64798737511123
102.99852469476066
66.42658476691086
107.47672142061982
69.41204925081696
113.44765038843204
70.90478149277003
118.42342452827555
68.91447183683262
123.8967760821034
70.40720407878567
134.84347918975914
67.42173959487957
149.27322419530532
64.93385252495781
135.34105660374348
57.967768729176896
125.38950832405646
55.977459073239494
118.92100194225989
56.47503648722384
113.44765038843204
57.470191315192544
108.47187624858853
59.9580783851143
106.48156659265112
65.9290073529265
113.44765038843204
65.43142993894216
118.92100194225989
64.93385252495781
124.39435349608776
64.43627511097345
143.79987264147744
64.93385252495781
123.39919866811906
64.93385252495781
117.92584711429119
64.93385252495781
112.95007297444768
66.42658476691086
