58.81205318962203
124.55723460078485
60.246493511320125
105.90951041870959
62.15908060691759
87.73993301053368
64.07166770251506
70.04850237625713
69.33128221540808
53.31336528977931
78.8942176933954
38.490815298898966
90.84788704087956
24.62455885581735
105.6704370317599
13.149036282232567
122.88372089213708
9.802008864937005
140.09700475251427
12.192742734433834
155.39770151729397
22.71197176021989
167.35137086477812
36.10008142940214
177.87059989056416
50.44448464638312
183.1302144034572
67.17962173286094
185.52094827295403
85.8273459149362
188.38982891635024
104.47507009701148
189.82426923804832
123.12279427908676
66.94054834591125
139.85793136556458
74.11274995440174
147.50827974795442
85.11012575408716
149.89901361745126
96.10750155377258
148.94272006965252
107.58302412735736
144.63939910455824
136.27183056131932
145.59569265235697
148.22549990880347
150.37716039135063
160.17916925628762
151.81160071304873
171.6546918298724
147.50827974795442
179.30504021226227
138.90163781776585
121.92742734433834
129.81684911367788
121.44928057043897
116.42873944449563
121.44928057043897
103.51877654921275
121.44928057043897
90.1306668800305
109.97375799685419
82.95846527154
115.23337250974723
80.56773140204318
121.44928057043897
77.69885075864698
127.18704185723138
80.08958462814381
133.40294991792314
82.00217172374128
81.28495156289223
125.99167492248296
88.45715317138271
130.7731426614766
97.54194187547067
130.29499588757724
104.71414348396117
124.55723460078485
96.58564832767195
124.0790878268855
87.97900639748336
124.0790878268855
140.09700475251427
123.60094105298613
147.7473531349041
129.3387023397785
156.83214183899207
129.81684911367788
164.48249022138194
125.03538137468422
157.31028861289144
122.6446475051874
148.70364668270284
122.6446475051874
90.84788704087956
65.26703463726346
102.80155638836371
68.13591528065966
114.27707896194849
68.13591528065966
122.40557411823771
66.2233281850622
131.0122160484263
67.17962173286094
142.96588539591045
65.74518141116283
156.3539950650927
64.31074108946474
143.92217894370918
47.09745722908756
131.49036282232566
41.35969594229516
121.92742734433834
40.8815491683958
112.84263864025039
42.3159894900939
101.3671160666656
49.48819109858439
95.62935477987321
63.354447541666005
113.79893218804912
61.44186044606854
122.40557411823771
60.48556689826981
131.0122160484263
60.48556689826981
151.09438055219968
62.39815399386727
131.0122160484263
50.44448464638312
121.92742734433834
49.966337872483756
113.32078541414975
51.400778194181854
