69.18260455465888
140.17221743723795
70.21518074204184
122.102134158036
73.82919739788223
104.03205087883406
76.41063786633966
85.9619675996321
81.05723070956302
68.40817241412165
90.35041639600972
51.88695341599416
101.70875445722237
37.4308867926326
115.64853298689245
24.523684450345495
131.13717579763696
20.39337970081362
147.65839479576445
24.007396356654013
162.63074951281752
35.36573441786666
177.08681613617907
48.27293676015377
188.9614422910832
63.76157957089829
196.70576369645545
81.31537475640876
200.31978035229585
100.41803422299367
204.9663731955192
119.52069368957858
207.54781366397663
138.6233531561635
73.31290930419075
145.85138646784426
81.05723070956302
154.111995966908
93.44814495815862
155.66086024798247
105.83905920675424
153.07941977952504
117.71368536165838
148.94911502999318
144.04437813992408
149.46540312368467
157.98415666959414
153.07941977952504
171.40764710557272
155.66086024798247
184.83113754155133
153.59570787321653
195.156899415381
146.36767456153575
130.6208877039455
136.55820078139755
129.58831151656253
122.102134158036
129.07202342287104
107.12977944098296
128.03944723548807
92.67371281762141
115.64853298689245
86.47825569332359
121.84399011119025
83.89681522486617
129.07202342287104
81.83166285010023
136.30005673455182
83.89681522486617
143.5280900462326
86.47825569332359
88.28526402124379
136.55820078139755
97.06216161399902
140.68850553092943
106.87163539413721
140.68850553092943
115.13224489320096
133.97676031294014
105.83905920675424
133.46047221924866
96.54587352030754
133.46047221924866
150.75612335791337
133.97676031294014
160.0493090443601
140.68850553092943
169.8587828244983
140.68850553092943
178.6356804172535
136.04191268770606
170.37507091818978
133.46047221924866
160.56559713805157
133.46047221924866
101.70875445722237
72.02218906996204
112.55080442474355
72.02218906996204
122.87656629857322
72.02218906996204
130.104599610254
70.47332478888758
138.36520910931776
72.02218906996204
148.69097098314742
71.50590097627055
161.59817332543454
70.98961288257907
149.2072590768389
59.11498672767493
138.36520910931776
53.95210579076009
129.58831151656253
52.91952960337712
121.32770201749877
53.95210579076009
111.51822823736057
59.63127482136642
106.87163539413721
69.44074860150462
122.36027820488174
66.34302003935571
130.104599610254
65.31044385197275
138.36520910931776
66.34302003935571
156.43529238851968
69.44074860150462
137.84892101562627
64.27786766458978
130.104599610254
63.245291477206806
121.84399011119025
64.79415575828126
