64.9256749487755
126.55434296655848
64.9256749487755
109.8156923938273
66.44737045538741
92.5698099855588
68.98352963307396
75.83115941282763
74.05584798844704
59.599740675633754
84.20048469919323
45.904481116126426
97.38851242316323
34.745380734305634
112.6054674892825
24.093512188022157
128.83688622647637
20.035657503723687
146.59000047028218
22.57181668141023
163.83588287855065
32.20922155661909
179.0528379446699
43.368321938439884
191.22640199756532
57.57081333348452
197.82041585955034
74.3094639062157
200.86380687277418
92.0625781500215
203.90719788599804
109.30846055829
204.92166155707264
127.06157480209579
75.07031165952166
148.36531189466274
83.1860210281186
154.45209392111045
94.85235324547669
155.46655759218507
106.01145362729748
152.42316657896123
116.15609033804365
146.84361638805083
142.0249139504464
145.3219208814389
153.69124616780448
150.9014710723493
166.3720420562372
153.43763025003582
179.56006978020721
151.4087029078866
189.19747465541607
144.30745721036428
128.83688622647637
135.68451600623004
128.32965439093906
125.53987929548387
127.82242255540176
115.39524258473769
127.31519071986445
104.74337403845422
118.18501768019289
95.10596916324535
122.75010420002867
93.58427365663343
128.32965439093906
91.5553463144842
133.90920458184945
93.58427365663343
139.99598660829716
95.10596916324535
86.22941204134246
132.64112499300617
93.33065773886477
138.72790701945388
102.96806261407363
138.22067518391657
111.08377198267057
131.11942948639427
101.95359894299902
129.09050214424502
92.82342590332746
129.59773397978233
149.63339148350602
131.62666132193158
157.24186901656566
138.22067518391657
166.87927389177452
138.72790701945388
174.48775142483413
132.64112499300617
166.87927389177452
129.59773397978233
157.74910085210297
130.10496581531964
103.98252628514825
70.25160922191724
112.09823565374519
77.35285491943955
121.73564052895405
79.8890140971261
129.34411806201368
78.87455042605148
136.445363759536
80.90347776820072
146.08276863474487
78.36731859051417
156.22740534549104
69.74437738637992
147.0972323058195
58.58527700455914
137.4598274306106
53.512958649186054
129.34411806201368
52.49849497811143
121.22840869341674
53.00572681364874
111.59100381820788
57.57081333348452
108.04038096944672
69.74437738637992
121.73564052895405
73.8022320706784
129.34411806201368
73.29500023514109
136.445363759536
74.3094639062157
151.66231882565526
69.74437738637992
136.95259559507332
63.15036352439491
129.34411806201368
61.628668017782985
121.73564052895405
62.64313168885761
