35.34113537170752
129.0416456006426
35.34113537170752
109.51101815838317
37.20119512811318
89.51537577702234
41.38632958002591
69.5197333956615
51.15164330115562
52.77919558801057
66.03212135240089
39.29376235406954
84.16770397735607
28.133403815635592
103.69833141961549
19.763134911810127
119.50883934906359
18.36809009450588
131.59922776570036
23.483254424621443
140.43451160862725
35.57364284125823
147.8747506342499
47.199016318793596
154.3849597816697
59.754419674531796
158.5700942335824
74.16988278667564
161.36018386819092
88.58534589881951
162.29021374639373
102.53579407186194
161.82519880729234
116.48624224490439
66.96215123060372
144.85215353009067
79.98256952544334
149.96731786020624
93.00298782028294
150.89734773840908
106.02340611512255
148.572273042902
117.64877959265793
143.45710871278644
144.15463112143857
140.20200413907654
151.1298552079598
143.92212365188786
157.6400643553796
146.24719834739494
163.22024362459658
147.17722822559776
166.47534819830648
142.99209377368504
131.13421282659894
123.92648127052702
132.9942725830046
113.23113767119449
135.31934727851169
102.07077913276053
138.10943691312016
90.91042059432658
119.50883934906359
81.61012181229829
125.55403355738197
80.21507699499404
131.59922776570036
77.89000229948697
136.2493771567145
79.75006205589263
139.50448173042443
82.0751367513997
79.51755458634192
125.32152608783127
89.28286830747163
129.0416456006426
98.58316708949992
128.57663066154117
104.62836129781832
122.06642151412137
97.18812227219568
120.20636175771571
87.42280855106597
120.67137669681712
138.57445185222159
121.13639163591854
145.0846609996414
127.18158584423693
152.98991496436545
127.18158584423693
157.6400643553796
123.46146633142561
153.45492990346685
119.74134681861429
146.01469087784423
119.27633187951288
99.51319696770275
57.894359918126135
112.53361526254237
63.009524248241696
124.15898874007773
66.2646288219516
129.2741530701933
64.40456906554594
134.38931740030887
66.72964376105301
139.96949666952582
63.93955412644453
142.2945713650329
58.35937485722755
138.57445185222159
50.91913583160491
132.9942725830046
46.73400137969218
127.41409331378763
45.80397150148935
121.36889910546924
45.80397150148935
111.13857044523812
49.05907607519925
105.09337623691972
57.894359918126135
123.2289588618749
59.28940473543038
128.34412319199046
58.824389796328965
133.45928752210602
59.754419674531796
139.039466791323
58.35937485722755
133.45928752210602
57.894359918126135
128.34412319199046
56.964330039923304
122.76394392277349
56.964330039923304
