66.96824602861257
125.56546130364858
66.01155679963239
111.21512286894588
66.48990141412249
95.90809520526301
68.40327987208283
80.12272292709004
72.23003678800356
64.33735064891708
79.40520600535491
49.50866759972429
89.4504429096468
36.11501839400178
101.88740288638913
24.634747646239624
118.15111977905218
19.851301501338728
138.24159358763595
21.764679959299087
158.81041201070983
29.418193791140524
176.98750736133323
39.46343069543241
191.3378457960359
53.33542451564501
198.51301501338727
71.03417525177834
202.33977192930797
90.16795983138192
205.20983961624853
109.30174441098552
207.1232180742089
128.43552899058912
67.92493525759275
143.742556654272
73.66507063147382
150.43938125713325
82.75361830678554
152.8311043295837
92.79885521107742
151.8744151006035
101.88740288638913
148.0476581846828
128.19635668334408
149.48269202815305
141.11166127457648
154.74448278754406
155.46199970927918
156.65786124550442
169.8123381439819
153.78779355856386
181.77095350623412
146.13427972672244
116.23774132109182
130.82725206303957
114.32436286313146
120.30367054425759
111.93263979068101
110.2584336399657
109.54091671823056
99.73485212118372
101.88740288638913
90.16795983138192
107.14919364578012
87.77623675893147
113.84601824864137
85.86285830097111
121.49953208048281
88.73292598791166
129.15304591232425
90.64630444587202
79.40520600535491
126.04380591813866
85.62368599372607
129.87056283405937
94.23388905454769
129.3922182195693
101.88740288638913
125.08711668915848
93.27719982556751
122.69539361670803
85.14534137923599
122.69539361670803
139.67662743110623
126.04380591813866
147.33014126294765
131.30559667752965
156.89703355274946
130.82725206303957
165.50723661357108
127.47883976160892
157.37537816723955
123.65208284568821
148.28683049192784
123.65208284568821
92.32051059658733
68.64245217932789
99.49567981393868
74.38258755320896
108.1058828747603
77.73099985463959
114.32436286313146
75.81762139667923
121.02118746599272
77.25265524014951
133.45814744273505
74.38258755320896
147.80848587743776
68.16410756483779
133.45814744273505
61.94562757646663
121.49953208048281
60.03224911850627
113.84601824864137
60.03224911850627
107.6275382602702
60.51059373299636
99.49567981393868
62.42397219095672
96.14726751250805
68.16410756483779
108.1058828747603
69.12079679381797
114.32436286313146
68.64245217932789
121.49953208048281
68.64245217932789
142.54669511804676
68.16410756483779
121.02118746599272
68.64245217932789
114.32436286313146
69.12079679381797
107.6275382602702
69.59914140830807
