64.75943007139742
157.31144888176956
67.45773965770564
136.80429602582706
71.23537307853717
117.37646700440783
76.09233033389198
99.0279618175119
84.18725909281665
81.75878046513925
97.13914510709614
67.18790869907482
111.17035495589892
54.77568460205699
126.82055055648662
43.98244625682408
144.08973190885928
41.284136670515856
160.27958942670864
45.60143200860902
173.77113735824975
57.47399418836522
186.72302337252924
69.34655636812141
198.59558555228543
82.29844238240089
206.6905143112101
97.9486379829886
211.54747156656492
115.21781933536126
213.7061192356115
133.5663245222572
214.24578115287315
153.53381546093806
72.8543588303221
161.62874421986274
86.34590676186323
164.8667157234326
99.83745469340437
160.54942038533946
112.24967879042221
154.0734773781997
123.58257905291676
148.1371962883216
152.7243225850456
149.2165201228449
164.59688476480179
155.69246312998465
176.46944694455797
161.0890823026011
189.9609948760991
165.40637764069425
202.9128808903786
163.2477299716477
139.23277465350446
140.58192944665856
139.23277465350446
125.47139576333251
139.7724365707661
110.9005239972681
140.31209848802774
96.86931414846532
124.1222409701784
95.78999031394203
131.67750781184142
92.55201881037215
139.7724365707661
89.85370922406393
147.32770341242914
92.55201881037215
153.80364641956888
95.78999031394203
90.6632020999564
145.43888670201338
99.83745469340437
148.1371962883216
110.63069303863726
147.05787245379832
119.2652837148236
140.04226752939692
109.01170728685233
138.423281777612
98.75813085888107
139.50260561213528
158.6606036749237
140.04226752939692
167.29519435111
146.51821053653669
177.00910886181964
147.05787245379832
186.1833614552676
144.3595628674901
178.62809461360456
138.96294369487364
168.91418010289496
137.88361986035034
110.09103112137562
84.99675196870912
123.0429171356551
82.83810429966253
133.29649356362637
83.37776621692419
139.7724365707661
81.2191185478776
147.32770341242914
82.83810429966253
157.04161792313874
82.29844238240089
168.3745181856333
85.53641388597076
157.04161792313874
73.66385170621457
147.32770341242914
67.72757061633648
139.23277465350446
66.64824678181319
131.67750781184142
67.18790869907482
121.42393138387017
73.12418978895292
114.40832645946878
83.37776621692419
132.75683164636473
78.52080896156937
139.7724365707661
77.44148512704609
147.32770341242914
78.52080896156937
164.05722284754015
83.37776621692419
146.7880414951675
78.52080896156937
139.23277465350446
76.90182320978444
132.75683164636473
77.98114704430773
