61.331333356140405
139.86535777558848
62.82721953555846
120.91746616962641
65.3203631679219
101.96957456366434
68.31213552675801
83.52031168417494
73.29842279148488
66.06830625763092
83.2709973209386
50.61081573697765
95.73671548275576
37.64646884868781
110.19694855046366
26.676636866288714
125.65443907111693
23.684864507452595
142.10918704471558
26.676636866288714
157.06804883889617
37.14784012221512
171.0296531801314
50.61081573697765
181.99948516253048
66.56693498410361
187.9830298802027
85.5148265900657
190.97480223903884
104.96134692250045
194.96383205082032
123.90923852846252
196.95834695671107
144.35301631384266
67.81350680028532
147.3447886726788
77.78608132973905
152.82970466387832
89.25454203861084
151.83244721093297
100.72300274748262
147.84341739915146
111.69283472988171
141.85987268147923
141.1119295917702
142.8571301344246
153.57764775358737
148.84067485209684
165.04610846245913
153.32833339035102
177.5118266242763
154.82421956976907
187.48440115373003
149.3393035785695
127.15032525053499
129.39415451966207
127.15032525053499
114.93392145195418
126.6516965240623
100.47368838424627
126.6516965240623
86.51208404301106
114.18597836224515
82.02442550475689
120.66815180639007
79.53128187239345
127.15032525053499
77.03813824003002
134.1311274211526
79.53128187239345
140.11467213882483
82.02442550475689
83.2709973209386
131.8872981520255
91.24905694450158
136.87358541675238
101.2216314739553
135.876327963807
109.19969109751828
127.89826834024402
100.22437402100994
126.90101088729864
90.25179949155621
127.39963961377133
146.59684558296976
128.8955257931894
154.07627648006005
137.37221414322505
164.04885100951378
138.36947159617043
172.02691063307674
133.88181305791625
165.54473718893183
129.39415451966207
156.0707913859508
128.39689706671672
99.72574529453725
66.06830625763092
110.69557727693635
67.0655637105763
120.16952307991738
68.06282116352168
126.15306779758961
66.06830625763092
132.63524124173455
67.56419243704899
142.10918704471558
66.56693498410361
153.57764775358737
66.56693498410361
143.10644449766096
52.605330642868395
133.13386996820722
46.621785925196164
126.15306779758961
46.123157198723476
119.172265626972
47.120414651668845
109.19969109751828
52.605330642868395
105.70929001220948
64.07379135174018
120.16952307991738
62.57790517232212
126.15306779758961
62.07927644584944
132.63524124173455
62.57790517232212
148.0927317623878
64.07379135174018
132.63524124173455
58.090246634067945
126.15306779758961
57.59161790759526
119.6708943534447
58.090246634067945
