66.46178771371598
151.26702883641755
68.58856492055489
131.59433967315763
72.31042503252297
112.45334481160742
76.03228514449107
94.37573855347668
81.88092246329808
76.82982659705566
92.51480849749264
62.47408045089301
105.2754717385261
49.71341720985955
119.63121788468875
38.54783687395526
135.58204693598057
35.3576710636969
151.5328759872724
39.07953117566499
166.4203164351448
50.24511151156928
180.77606258130746
63.53746905431247
193.00503152063118
79.4882981056043
199.91705744285764
98.09759866544478
204.17061185653546
117.7702878287047
208.42416627021328
137.97467129367436
211.08263777876192
158.71074906035375
72.8421193342327
153.39380604325646
84.00769967013699
158.71074906035375
97.30005721288018
157.11566615522455
110.59241475562338
153.9255003449662
122.82138369494712
148.6085573278689
147.81101587530432
150.20364023299808
161.63506771975725
155.52058325009537
174.3957309607907
159.24244336206345
188.75147710695336
160.30583196548292
200.9804460462771
154.98888894838564
134.51865833256113
138.5063655953841
134.51865833256113
125.21400805264089
133.9869640308514
111.38995620818797
133.45526972914166
97.56590436373504
121.22630078981793
93.84404425176695
127.60663241033467
91.18557274321832
133.9869640308514
88.52710123466967
140.89898995307786
91.18557274321832
147.81101587530432
93.84404425176695
88.79294838552454
142.22822570735218
98.36344581629965
145.41839151761056
108.46563754878447
144.88669721590082
116.44105207443039
136.9112826902549
106.87055464365528
136.3795883885452
96.76836291117046
136.9112826902549
156.31812470265996
137.44297699196463
164.82523353001562
144.88669721590082
174.92742526250044
145.95008581932026
183.43453408985607
142.75992000906191
176.5225081676296
137.44297699196463
165.88862213343506
136.3795883885452
109.52902615220393
77.89321520047513
118.5678292812693
79.4882981056043
127.60663241033467
81.08338101073349
134.51865833256113
78.95660380389458
141.96237855649733
81.08338101073349
151.5328759872724
80.01999240731404
162.16676202146698
77.36152089876539
152.59626459069187
64.0691633560222
143.02576715991677
59.28391464063465
135.05035263427087
58.220526037215194
127.60663241033467
58.75222033892492
118.03613497955956
64.60085765773192
113.78258056588174
76.29813229534594
127.60663241033467
75.23474369192648
134.51865833256113
74.70304939021675
141.96237855649733
75.7664379936362
157.91320760778916
76.29813229534594
142.49407285820703
69.91780067482921
135.05035263427087
68.85441207140974
128.1383267120444
69.91780067482921
