61.05268626996979
126.22400613751691
61.05268626996979
108.29583635982736
62.50632165735002
90.36766658213782
64.92904730298375
72.43949680444828
71.71267911075816
54.995872155885486
83.34176220980002
40.45951828208315
96.42448069622212
27.376799795661057
109.50719918264423
14.778626438365702
126.46627870208027
11.386810534478492
143.90990335064308
14.294081309238958
159.41534748269888
24.954074150027335
174.43624648562798
37.067702378195946
188.0035101011768
50.15042086461804
197.20986755458495
66.62495525492734
199.14804807109192
85.52221529087038
199.63259320021868
104.90402045594016
198.6635029419652
123.80128049188318
65.89813756123723
141.7294502695727
74.61994988551864
148.51308207734715
86.2490329845605
148.99762720647388
97.87811608360236
145.6058113025867
109.02265405351748
139.79126975306573
132.2808202516012
139.306724623939
144.3944484797698
144.6367210443332
156.50807670793841
146.57490156084017
168.62170493610702
145.6058113025867
180.2507880351489
140.2758148821925
121.62082741081284
126.70855126664365
121.13628228168609
113.62583278022154
121.13628228168609
100.0585691646727
120.65173715255935
86.97585067825061
108.53810892439074
82.13039938698317
114.83719560303841
78.73858348309595
121.62082741081284
75.83131270833549
129.37354947684074
78.73858348309595
136.15718128461515
81.64585425785643
79.94994630591282
129.13127691227737
87.70266837194073
134.46127333267157
98.36266121272911
133.49218307441808
106.11538327875701
124.77037075013666
96.90902582534888
123.31673536275643
86.73357811368724
124.28582562100992
141.48717770500934
123.80128049188318
149.724444900164
132.03854768703783
159.41534748269888
132.03854768703783
167.65261467785353
126.22400613751691
160.3844377409524
122.34764510450294
150.6935351584175
121.8630999753762
92.06357453408143
70.01677115881456
103.20811250399655
70.50131628794131
114.83719560303841
70.01677115881456
123.55900792731981
68.56313577143433
132.76536538072796
70.01677115881456
146.81717412540354
70.50131628794131
161.35352799920588
69.53222602968782
148.27080951278379
53.057691639378504
134.70354589723493
45.78951470247734
124.5280981855733
44.82042444422385
115.32174073216515
45.78951470247734
103.20811250399655
53.54223676850525
97.39357095447562
67.59404551318083
115.32174073216515
65.17131986754711
123.55900792731981
64.20222960929362
133.2499105098547
65.17131986754711
156.99262183706517
67.59404551318083
134.21900076810817
53.54223676850525
124.04355305644656
52.08860138112502
115.32174073216515
54.02678189763199
