76.09606049738842
154.71000534946984
77.77465006718376
136.80504993831963
81.69135906337286
118.9000945271694
86.16759791616042
100.99513911601919
92.3224263387433
84.20924341806587
102.3939637575153
69.66146714650631
115.82268031587796
56.79228044474209
130.3704565874375
45.042153456174766
146.03729257219396
42.804034029780986
162.26365841354882
46.16121316937165
177.37096454170683
57.351810301340535
191.35921095666794
70.7805268597032
202.5498080886368
85.88783298786119
209.26416636781815
103.79278839901141
212.62134550740882
123.37633337995696
215.9785246469995
142.40034850430408
217.09758436019638
161.9838934852496
80.57229935017597
164.2220129116434
88.96524719915264
171.49590104742316
101.83443390091685
170.93637119082473
114.70362060268107
167.57919205123406
126.4537475912484
160.86483377205272
156.10882999096594
161.9838934852496
168.97801669273017
167.57919205123406
181.8472033944944
171.49590104742316
194.7163900962586
172.05543090402162
204.7879275150306
166.46013233803717
141.5610537194064
145.75752764389472
142.12058357600483
131.76928122893364
142.6801134326033
117.78103481397251
143.23964328920172
104.35231825560986
129.2513968742406
98.75701968962541
135.96575515342195
96.51890026323163
143.23964328920172
93.72125098023942
150.5135314249815
97.07843011983007
156.6683598475644
99.8760794028223
96.23913533493241
147.9956470702885
105.19161304050752
150.79329635328074
115.82268031587796
149.67423664008385
123.65609830825618
144.0789380740994
114.70362060268107
142.40034850430408
104.07255332731063
142.9598783609025
162.26365841354882
144.63846793069783
171.21613611912395
150.23376649668228
181.28767353789593
151.35282620987917
189.68062138687262
148.55517692688696
182.96626310769128
143.51940821750094
172.89472568891927
142.40034850430408
116.94174002907485
83.64971356146742
128.13233716104372
84.76877327466431
136.5252850100204
84.76877327466431
143.23964328920172
82.53065384827053
151.07306128157995
85.32830313126274
160.02553898715504
84.76877327466431
170.09707640592706
84.20924341806587
160.5850688437535
75.25676571249075
151.63259113817838
70.7805268597032
143.23964328920172
70.22099700310476
135.40622529682352
70.7805268597032
127.01327744784685
74.13770599929387
121.97750873846086
81.97112399167209
136.5252850100204
79.7330045652783
143.23964328920172
78.61394485208142
151.07306128157995
80.29253442187675
165.6208375531395
82.53065384827053
151.07306128157995
80.8520642784752
143.23964328920172
79.7330045652783
135.96575515342195
80.8520642784752
