69.04311968624351
130.33139621932202
67.54218230175996
114.32139745149742
68.542807224749
98.81171114516735
73.04561937819966
83.3020248388373
79.04936891613389
66.79171360951818
88.05499322303521
51.78233976468264
98.06124245292558
37.27327838134161
108.56780414431046
22.76421699800058
123.57717798914601
17.7610923830554
141.58842660294866
18.261404844549915
158.5990502937623
27.267029151451247
173.60842413859783
38.77421576582517
187.61717306044434
52.78296468767168
198.12373475182923
69.29327591699078
203.12685936677443
88.30514945378248
206.62904659723606
107.31702299057417
208.1299839817196
127.3295214503549
71.0443695322216
145.84108252565207
79.04936891613389
154.3463943710589
91.55718045349684
153.84608190956436
103.06436706787076
149.3432697561137
113.57092875925565
142.83920775668497
134.5840521420254
142.83920775668497
149.09311352536645
149.3432697561137
164.6027998316965
151.8448320635863
180.61279859952108
148.8429572946192
192.62029767538954
140.8379579107069
123.57717798914601
131.33202114231105
122.57655306615698
117.32327222046453
121.07561568167343
103.81483576011254
120.07499075868438
89.80608683826603
108.56780414431046
85.80358714630988
114.57155368224468
82.30139991584825
121.57592814316794
79.29952514688115
130.08123998857474
81.80108745435373
138.58655183398156
83.3020248388373
83.55218106958455
133.83358344978365
91.55718045349684
138.3363956032343
101.56342968338721
137.83608314173978
110.06874152879402
128.83045883483845
100.56280476039817
128.83045883483845
90.05624306901329
129.33077129633298
146.09123875639932
127.82983391184942
155.59717552479518
135.33452083426718
166.10373721618006
135.33452083426718
174.6090490615869
129.83108375782749
166.6040496776746
126.32889652736586
156.0974879862897
126.32889652736586
94.55905522246395
77.29827530090307
105.56592937534336
75.79733791641952
116.07249106672823
75.29702545492499
123.57717798914601
72.29515068595789
133.08311475754186
73.29577560894693
148.09248860237741
72.29515068595789
164.102487370202
71.79483822446338
148.09248860237741
53.78358961066071
133.08311475754186
46.77921514973746
123.57717798914601
47.27952761123198
114.57155368224468
49.28077745721005
105.06561691384884
58.286401764111375
100.06249229890365
73.79608807044144
115.57217860523372
68.79296345549626
123.57717798914601
67.2920260710127
132.58280229604733
67.2920260710127
160.09998767824584
70.29390083997981
133.08311475754186
56.2851519181333
124.07749045064052
56.785464379627825
115.57217860523372
59.287026687100415
