65.87172736237333
136.22273218538805
66.39870118127232
118.3056223428225
67.45264881907029
100.91548631915595
69.03357027576726
83.52535029548939
74.8302822836561
67.71613572851979
85.36975866163584
53.48784261824715
99.07107795300949
41.89441860246944
115.40726633887809
31.881916043388696
133.32437618144363
29.24704694889376
150.7145122051102
31.881916043388696
165.99675295318082
40.31349714577248
179.17109842565546
50.85297352375221
189.18360098473622
64.02731899622688
194.45333917372608
79.83653356319648
197.08820826822102
97.22666958686304
198.14215590601898
115.14377942942859
198.14215590601898
132.53391545309515
75.3572561025551
154.1398420279536
84.84278484273686
161.5174754925394
97.49015649631254
163.62537076813535
110.13752814988821
160.46352785474144
122.2579259845649
153.61286820905462
150.1875383862112
155.19378966575158
160.72701476419093
160.99050167364044
172.32043877996864
163.62537076813535
184.44083661464535
161.5174754925394
192.87241771702912
155.19378966575158
134.90529763814058
142.0194441932769
134.90529763814058
128.84509872080224
134.90529763814058
116.19772706722657
134.90529763814058
103.55035541365088
121.73095216566593
95.11877431126709
128.05463799245376
93.01087903567115
134.37832381924161
91.42995757897418
140.70200964602944
93.53785285457013
146.4987216539183
96.17272194906506
87.47765393723179
139.91154891768096
95.90923503961558
144.65431328777186
106.9756852364943
144.12733946887286
115.93424015777707
137.803653642085
105.92173759869632
136.22273218538805
95.38226122071659
136.22273218538805
152.82240748070615
137.803653642085
162.83491003978688
144.12733946887286
172.84741259886763
144.65431328777186
180.75201988235244
139.91154891768096
173.37438641776663
136.22273218538805
163.36188385868587
136.74970600428705
105.39476377979733
72.45890009861067
116.46121397667605
77.20166446870155
126.47371653575681
80.36350738209546
133.32437618144363
78.78258592539851
140.70200964602944
80.36350738209546
150.7145122051102
77.20166446870155
161.78096240198892
73.51284773640865
151.24148602400916
64.55429281512586
141.22898346492843
60.338502263933975
133.32437618144363
59.284554626136
125.94674271685781
59.81152844503499
115.93424015777707
63.500345177327894
111.19147578768619
71.4049524608127
125.94674271685781
72.45890009861067
133.32437618144363
72.45890009861067
140.70200964602944
72.98587391750965
156.51122421299905
72.98587391750965
141.22898346492843
71.4049524608127
133.32437618144363
70.87797864191371
125.94674271685781
70.87797864191371
