74.99117906754095
138.8423641431646
75.53459340861009
122.53993391109047
78.79507945502492
105.69408933794722
81.5121511603706
88.84824476480397
84.77263720678543
71.45898585059156
91.83702364068421
56.24338430065572
104.87896782634351
44.2882687971347
120.09456937627935
36.13705368109763
138.57065697263002
33.96339631682108
157.59015891004984
36.13705368109763
174.4360034831931
44.2882687971347
188.56477635099066
55.156555618517444
198.34623449023513
69.28532848631501
203.7803779009265
86.13117305945828
207.58427828841047
103.52043197367067
210.8447643348253
121.4531052289522
212.4750073580327
139.92919282530286
83.68580852464716
156.77503739844613
90.75019495854593
162.75259515020664
101.61848177992869
164.38283817341406
111.9433542602423
161.66576646806837
122.81164108162504
157.8618660805844
151.61260115828932
159.49210910379182
163.56771666181035
164.38283817341406
175.52283216533138
167.09990987875975
188.56477635099066
166.5564955376906
198.88964883130427
160.03552344486096
136.9404139494226
144.27650755385596
136.9404139494226
132.32139205033494
136.39699960835347
120.36627654681392
136.39699960835347
108.4111610432929
126.07212712803987
100.25994592725584
131.50627053873123
97.54287422191015
137.48382829049174
95.91263119870274
144.0048003833214
98.08628856297929
149.9823581350819
100.80336026832498
94.5540953460299
139.92919282530286
101.07506743885955
145.90675057706338
110.31311123703489
146.45016491813251
117.9209120120028
139.38577848423373
109.76969689596575
137.21212111995717
100.53165309779041
136.66870677888804
160.30723061539553
139.92919282530286
168.4584457314326
146.99357925920165
178.78331821174618
147.5369936002708
186.93453332778324
142.1028501895794
179.87014689388445
137.7555354610263
169.54527441357087
137.7555354610263
114.11701162451885
72.54581453272984
122.81164108162504
79.06678662555949
132.04968487980037
82.87068701304345
138.57065697263002
81.24044398983604
145.6350434065288
82.87068701304345
154.329672863635
79.06678662555949
162.48088797967208
73.08922887379897
154.87308720470415
64.93801375776191
145.6350434065288
61.13411337027795
138.02724263156088
61.13411337027795
130.9628561976621
61.67752771134709
121.72481239948677
64.39459941669277
118.46432635307194
72.54581453272984
132.04968487980037
75.26288623807552
138.57065697263002
74.71947189700639
145.6350434065288
75.26288623807552
158.13357325111897
73.08922887379897
145.09162906545967
73.63264321486811
138.02724263156088
73.08922887379897
130.9628561976621
73.63264321486811
