77.27324259107694
123.09231271719626
77.76858388973768
108.72741505603453
80.24529038304144
94.85785869353354
84.70336207098818
79.99761973371105
89.65677505759567
65.63272207254931
97.58223583616767
51.76316571004833
106.0030379134004
38.88429194486884
114.9191812892939
26.5007594783501
129.28407895045564
22.538029089064104
147.11636570224263
23.033370387724855
165.9393350513511
29.968148568975348
183.7716218031381
39.37963324352959
199.12720206162132
51.26782441138758
209.52936933349707
67.61408726719232
214.97812361876532
87.4277392136223
215.96880621608682
107.73673245871304
216.46414751474757
127.550384405143
73.31051220179094
144.88732985826925
79.25460778571993
151.326766740859
88.66609246027417
150.3360841435375
98.57291843348916
147.85937765023374
107.98440310804341
142.90596466362624
132.75146804108087
144.3919885596085
145.63034180626036
149.34540154621598
159.0045568701006
151.82210803951975
172.8741132326016
151.326766740859
186.74366959510257
147.364036351573
119.87259427590139
129.03640830112525
118.38657037991915
118.13889973058878
116.40520518527615
106.74604986139153
114.42383999063316
95.35319999219429
110.95645090000791
85.94171531764005
114.42383999063316
83.96035012299706
119.37725297724064
82.4743262270148
125.32134856116964
84.4556914216578
131.26544414509863
85.4463740189793
85.19870336964892
129.53174959978602
91.63814025223867
135.475845183715
101.04962492679292
134.98050388505425
109.47042700402565
127.550384405143
100.55428362813217
124.08299531451776
90.64745765491718
124.08299531451776
144.63965920893887
127.550384405143
152.56511998751085
134.98050388505425
163.46262855804736
135.475845183715
172.37877193394084
130.02709089844677
164.45331115536885
124.57833661317852
154.05114388349313
124.08299531451776
105.50769661473966
63.651356877906316
109.9657683026864
69.59545246183531
115.9098638866154
72.5675002537998
119.87259427590139
71.08147635781756
125.81668985983039
72.5675002537998
135.72351583304538
68.10942856585307
148.60238959822487
63.651356877906316
136.71419843036688
57.707261293977325
126.80737245715189
55.72589609933433
120.8632768732229
55.23055480067357
115.9098638866154
56.221237397995075
110.46110960134715
58.20260259263807
108.9750857053649
63.651356877906316
116.40520518527615
65.63272207254931
120.8632768732229
65.13738077388857
126.31203115849114
65.13738077388857
143.15363531295662
63.651356877906316
125.81668985983039
64.64203947522782
120.36793557456214
64.64203947522782
115.9098638866154
65.13738077388857
