75.61251908874185
121.71176459768445
73.17340556975017
107.56490618753276
73.6612282735485
92.44240236978438
76.10034179254018
77.31989855203601
80.00292342292686
62.19739473428764
85.85679586850686
48.05053632413595
94.63760453687689
35.36714602537925
106.34534942803691
24.147223838017556
121.95567594958362
20.732464911429215
140.005115990122
22.683755726622554
159.03020143825702
28.537628172202567
177.07964147879542
37.806259544370924
190.7386771851488
50.001827139329286
200.00730855731715
66.58779906847265
205.3733582990988
85.61288451660769
208.78811722568716
105.12579266854108
210.25158533708216
123.66305541287778
75.61251908874185
138.29773652682783
79.51510071912851
146.5907224913995
88.78373209129687
150.4933041217862
98.54018616726356
150.4933041217862
108.29664024323026
147.5663678989962
127.80954839516363
149.5176587141895
142.44422950911365
155.37153115976952
158.05455603066036
155.85935386356786
173.17705984840873
151.9567722331812
184.88480473956875
143.17596356481116
118.54091702299527
130.9803959698528
116.58962620780194
120.24829648628945
114.6383353926086
110.00401970652442
112.19922187361693
99.7597429267594
105.85752672423858
88.05199803559937
110.73575376222192
86.58852992420437
115.61398080020527
85.61288451660769
121.95567594958362
87.07635262800271
128.7851938027603
88.05199803559937
84.88115046091019
127.07781433946613
90.73502290649022
132.4438640812478
98.54018616726356
132.4438640812478
105.36970402044024
126.10216893186946
98.05236346346523
125.1265235242728
90.24720020269187
125.1265235242728
141.468584101517
127.56563704326446
149.7615700660887
134.39515489644114
159.03020143825702
134.39515489644114
167.81101010662707
129.5169278584578
159.51802414205537
127.07781433946613
150.249392769887
127.07781433946613
98.54018616726356
66.09997636467432
102.44276779765023
71.95384881025433
108.78446294702859
75.856430440641
114.6383353926086
73.90513962544767
120.49220783818862
75.36860773684268
131.7121300255503
71.466026106456
144.88334302810534
65.61215366087599
131.22430732175198
61.221749326690976
120.49220783818862
59.27045851149764
114.15051268881027
58.7826358076993
108.78446294702859
59.27045851149764
102.93059050144858
60.73392662289264
101.46712239005358
66.09997636467432
109.27228565082692
68.05126717986766
114.6383353926086
68.05126717986766
120.98003054198695
68.05126717986766
140.49293869392034
66.09997636467432
120.49220783818862
68.05126717986766
114.15051268881027
67.56344447606932
108.78446294702859
68.05126717986766
