60.20705801114402
153.0905962249175
62.26541896878997
133.0215768878695
65.86755064467039
113.46714779023297
69.98427255996228
94.42730893200793
75.13017495407716
75.38747007378291
84.90738950289541
59.43517265202679
98.80132596700558
46.57041666673961
113.72444290993872
34.7348411602754
130.1913305711063
31.132709484394987
146.6582182322739
33.70566068145242
162.09592541461853
43.99746546968217
177.01904235755165
57.37681169438084
188.34002762460437
73.32910911613695
195.0297007369537
90.82517725612752
199.1464226522456
109.35042587494107
201.71937384930305
128.3902647331661
203.777734806949
147.43010359139114
68.95509208113931
153.0905962249175
79.76148710878054
158.75108885844386
92.62624309406773
157.72190837962088
104.97640883994343
153.0905962249175
117.32657458581912
146.91551335197965
146.1436279928624
146.40092311256817
157.46461325991513
153.0905962249175
169.30018876637934
157.2073181402094
181.65035451225503
159.78026933726684
192.97133977930775
154.11977670374046
132.24969152875227
135.07993784551545
131.73510128934078
122.72977209963975
131.22051104992929
109.35042587494107
131.22051104992929
96.48566988965388
118.87034530405359
90.82517725612752
124.53083793757995
88.25222605907008
130.7059208105178
86.19386510142414
136.88100368345565
88.25222605907008
143.0560865563935
90.31058701671604
84.39279926348394
137.13829880316138
92.62624309406773
141.2550207184533
103.94722836112045
140.7404304790418
112.69526243111574
133.0215768878695
102.40345764288598
129.93403545140058
91.08247237583326
130.44862569081204
149.74575966874283
132.506986648458
158.4937937387381
140.7404304790418
169.30018876637934
141.76961095786478
178.04822283637463
137.13829880316138
170.8439594846138
130.44862569081204
160.03756445697258
129.93403545140058
102.91804788229747
75.90206031319438
115.78280386758466
73.84369935554844
125.04542817699144
74.87287983437142
131.22051104992929
72.81451887672546
137.91018416227863
74.35828959495993
147.68739871109688
73.32910911613695
159.52297421756109
74.87287983437142
147.68739871109688
63.0373043279072
137.39559392286714
58.9205824126153
130.1913305711063
58.40599217320382
123.50165745875697
58.9205824126153
114.23903314935019
63.55189456731869
108.06395027641236
73.84369935554844
125.04542817699144
69.72697744025653
131.22051104992929
68.69779696143357
137.39559392286714
69.21238720084506
154.8916620628577
72.29992863731398
137.39559392286714
69.21238720084506
130.7059208105178
68.18320672202208
124.53083793757995
69.21238720084506
