61.163432127061085
136.85317938429918
62.692517930237614
118.50414974618086
64.22160373341414
100.66481537578804
66.7700800720417
82.31578573766971
72.37672801702229
64.4764513672769
83.59002390698349
49.185593335511626
96.84210086784672
34.91412583919737
111.62326363188649
22.681439413785153
129.4625980022793
19.11357253970659
147.30193237267213
22.681439413785153
163.61218093988842
34.40443057147186
177.37395316847716
48.675898067786115
189.09694432616385
64.98614663500241
194.19389700341895
82.31578573766971
196.7423733420465
100.15512010806253
198.27145914522302
118.50414974618086
197.76176387749751
137.3628746520247
71.86703274929678
149.0858658097114
80.53185230063043
157.24099009331954
92.76453872604264
158.77007589649608
104.99722515145487
156.73129482559403
116.72021630914158
151.63434214833896
139.65650335678947
151.63434214833896
150.8697992467507
157.75068536104504
163.61218093988842
159.7894664319471
176.35456263302615
157.75068536104504
185.5290774520853
149.0858658097114
128.44320746682828
137.3628746520247
127.93351219910278
125.63988349433798
127.93351219910278
113.91689233665127
127.93351219910278
102.19390117896457
116.72021630914158
93.01938635990541
122.32686425412217
90.98060528900336
128.9529027345538
88.94182421810133
135.5789412149854
90.98060528900336
141.69528442769152
92.50969109217989
85.62880497788552
134.30470304567163
94.80331979694469
138.89196045520123
104.99722515145487
138.89196045520123
112.6426541673375
131.24653143931857
103.97783461600385
130.22714090386756
93.78392926149367
130.73683617159307
147.30193237267213
131.7562267070441
156.4764471917313
137.8725699197502
166.16065727851597
138.89196045520123
173.2963910266731
134.30470304567163
166.67035254624147
130.22714090386756
157.4958377271823
130.22714090386756
99.90027247419978
74.16066145406157
111.62326363188649
77.72852832814013
122.83655952184769
79.25761413131666
129.97229327000483
78.23822359586565
137.61772228588745
79.76730939904216
148.83101817584864
77.72852832814013
160.55400933353536
74.16066145406157
149.85040871129968
57.85041288684528
138.63711282133846
51.22437440641366
129.97229327000483
50.20498387096264
122.32686425412217
51.22437440641366
110.60387309643546
57.85041288684528
104.48752988372937
72.63157565088504
122.83655952184769
73.14127091861054
129.97229327000483
72.63157565088504
137.61772228588745
73.14127091861054
156.4764471917313
73.14127091861054
138.12741755361296
61.418279760923845
129.97229327000483
60.39888922547282
122.32686425412217
61.418279760923845
