77.30611132505834
148.12302352429063
77.87038950991278
129.5018434240941
80.12750224933055
111.444941508752
81.82033680389387
93.95231777826433
87.46311865243827
78.15252860234
98.74868234952709
64.60985216583343
113.41991515574253
53.324288468744626
128.65542614681243
40.91016840194693
145.0194935075912
36.96022110796585
160.81928268351552
40.345890217092496
175.490515489731
51.6314539141813
190.72602648080087
62.35273942641567
203.14014654759856
74.76685949321336
210.4757629507063
90.56664866913769
213.2971538749785
108.62355058447979
216.68282298410514
126.68045249982188
218.9399357235229
145.30163260001842
81.25605861903942
161.10142177594275
89.72023139185603
168.4370381790505
102.13435145865373
169.00131636390492
113.98419334059697
166.1799254396327
126.39831340739467
159.97286540623386
163.0763954229333
158.84430903652498
174.3619591200221
163.92281270021496
186.21180100196534
166.74420362448714
198.0616428839086
166.1799254396327
208.21865021128852
161.10142177594275
143.8909371378823
146.99446715458174
143.8909371378823
133.45179071807516
143.8909371378823
119.90911428156859
143.32665895302787
106.93071602991647
129.7839825165213
101.8522123662265
136.5553207347746
99.59509962680875
143.32665895302787
96.77370870253654
151.22655354099004
99.59509962680875
158.56216994409777
102.41649055108094
95.36301324040043
147.55874533943617
103.82718601321704
152.63724900312613
114.54847152545142
152.0729708182717
123.57692248312246
144.17307623030953
113.41991515574253
143.04451986060064
102.69862964350817
143.04451986060064
165.33350816235105
144.17307623030953
174.3619591200221
151.50869263341727
184.51896644740202
151.50869263341727
192.98313922021865
146.4301889697273
185.6475228171109
143.04451986060064
175.490515489731
143.04451986060064
108.34141149205257
91.13092685399214
123.01264429826801
90.00237048428325
135.4267643650657
89.43809229942882
143.8909371378823
87.7452577448655
152.91938809555336
88.87381411457437
165.33350816235105
89.43809229942882
180.0047409685665
90.56664866913769
166.46206453205994
73.63830312350449
152.91938809555336
66.30268672039675
143.32665895302787
65.17413035068788
133.7339298105024
66.8669649052512
121.3198097437047
73.63830312350449
114.54847152545142
88.30953592971993
134.86248618021128
84.35958863573885
143.8909371378823
83.7953104508844
152.35510991069893
84.35958863573885
174.92623730487654
88.30953592971993
152.91938809555336
75.3311376780678
143.8909371378823
74.20258130835892
134.86248618021128
75.3311376780678
