74.94647260726065
146.8167840254173
74.94647260726065
128.3598168907934
76.06507667602573
109.90284975616952
78.86158684793844
92.56448669031072
86.69181532929403
76.90402972759954
98.4371580513274
63.48078090241853
111.30110484212588
50.61683411162006
125.28365570168943
38.31218935520413
141.50341469878316
33.8377730801438
158.28247573025942
36.074981217673965
173.9429326929706
47.2610219053248
187.92548355253413
60.684270730505816
200.7894303433326
75.22612362445192
209.17896085907074
92.56448669031072
213.09407509974852
112.14005789369969
215.89058527166125
131.1563270627061
216.4498873060438
150.17259623171256
79.98019091670352
161.3586369193634
90.04762753558927
165.83305319442374
101.79297025762266
164.71444912565863
113.53831297965604
161.91793895374593
124.16505163292435
156.88422064430304
155.4859655583467
155.20631454115542
168.34991234914517
160.79933488498085
181.7731611743262
164.1551470912761
195.75571203388972
165.2737511600412
208.06035679030566
159.68073081621577
140.94411266440062
146.25748199103475
141.50341469878316
132.83423316585376
141.50341469878316
119.41098434067274
142.0627167331657
105.98773551549172
126.4022597704545
102.07262127481393
133.67318621742757
99.27611110290123
142.0627167331657
97.03890296537105
151.01154928328637
99.83541313728377
158.84177776464196
102.07262127481393
93.40343974188453
147.93538809418237
102.3522722920052
151.29120030047764
112.41970891089096
150.7318982660951
121.36854146101163
143.46097181912205
111.30110484212588
142.9016697847395
100.67436618885758
143.46097181912205
163.31619403970228
142.9016697847395
172.8243286242055
150.17259623171256
182.89176524309127
150.7318982660951
192.39989982759448
146.8167840254173
184.01036931185635
142.9016697847395
173.38363065858806
142.34236775035697
107.38599060144809
90.8865805871631
120.80923942662909
89.767976518398
134.2324882518101
89.767976518398
143.18132080193078
88.64937244963292
151.5708513176689
90.8865805871631
165.55340217723247
90.32727855278054
180.09525507117854
90.8865805871631
167.2313082803801
71.87031141815666
153.24875742081653
64.59938497118361
143.18132080193078
64.04008293680107
133.67318621742757
65.15868700556615
120.24993739224655
72.98891548692174
111.86040687650842
88.09007041525038
134.2324882518101
85.8528622777202
143.18132080193078
84.17495617457259
151.5708513176689
85.8528622777202
175.62083879611822
88.64937244963292
152.689455386434
74.10751955568682
143.18132080193078
73.54821752130428
134.2324882518101
74.66682159006938
