74.21132105406446
138.23165083662005
74.21132105406446
121.50797285260553
76.30178080206628
104.784294868591
79.43747042406899
87.53800194757603
84.66361979407354
70.8143239635615
94.59330359708215
57.22633560154971
106.09083221109215
44.68357711353881
118.11097576210258
30.572973814526556
134.31203880911664
25.346824444522014
153.126176541133
27.959899129524285
171.94031427314934
38.93481280653382
189.1866071941643
51.47757129454471
203.81982543017702
66.63340446755788
211.65904948518383
84.4023123255733
215.31735404418703
103.73906499459011
218.45304366618973
123.59843260060735
220.0208884771911
143.4578002066246
75.77916586506582
152.34225413563232
83.61838992007263
157.56840350563687
94.59330359708215
156.52317363163596
105.04560233709124
152.86486907263276
115.49790107710031
146.59348982862733
142.15126286412345
145.54825995462642
155.73925122613528
150.77440932463097
168.8046246511466
153.38748400963323
182.3926130131584
153.38748400963323
194.9353715011693
148.68394957662915
128.0406595651112
136.6638060256187
126.9954296911103
124.12104753760781
125.42758488010894
111.57828904959692
124.38235500610803
99.03553056158601
116.02051601410076
93.28676625458102
121.24666538410531
90.67369156957875
127.51804462811076
88.58323182157694
134.8346537461171
91.71892144357966
142.15126286412345
93.80938119158148
89.36715422707762
138.75426577362052
96.68376334508397
142.93518526962416
106.09083221109215
141.88995539562325
113.4074413290985
135.09596121461735
104.52298740009078
135.09596121461735
95.63853347108306
135.09596121461735
152.60356160413255
134.57334627761688
160.44278565913936
140.32211058462187
170.372469462148
140.32211058462187
178.2116935171548
136.14119108861826
170.372469462148
133.00550146661553
161.48801553314027
133.52811640361597
104.00037246309033
79.69877789256923
113.93005626609896
79.69877789256923
122.81451019510668
79.17616295556877
131.17634918711394
77.6083181445674
140.06080311612166
79.69877789256923
153.126176541133
79.69877789256923
168.28200971414617
79.69877789256923
154.69402135213437
64.0203297825556
141.628647927123
57.748950538550154
131.69896412411438
56.70372066454925
122.81451019510668
57.748950538550154
113.4074413290985
64.0203297825556
109.22652183309486
76.5630882705665
122.81451019510668
73.42739864856378
131.17634918711394
72.38216877456287
140.06080311612166
73.95001358556424
163.5784752811421
77.6083181445674
141.10603299012257
67.67863434155878
131.69896412411438
66.63340446755788
123.33712513210712
67.67863434155878
