23.674869565327523
118.15100000054962
25.461652174031485
97.60300000045403
29.035217391439414
76.16160869600645
35.73565217407928
55.61360869591088
48.243130435007025
38.19247826104723
66.55765217422265
24.344913043591507
86.21226086996626
13.177521739191734
105.42017391353387
5.5836956521998875
122.39460869622152
5.5836956521998875
135.34878260932527
12.284130434839751
142.9426086963171
28.81186956535142
150.53643478330895
43.99952173933511
158.5769565224768
58.29378260896682
163.9373043485887
73.48143478295052
167.51086956599661
88.22239130475822
166.17078260946863
102.51665217438993
163.04391304423672
115.91752173966965
60.75060869593477
127.97830434842142
72.36469565251053
135.12543478323727
85.76556521779027
139.59239130499716
100.05982608742198
138.69900000064519
113.01400000052571
133.78534782670928
134.4553913049733
133.3386521745333
141.15582608761315
138.2523043484692
149.196347826781
140.03908695717317
155.89678260942085
138.2523043484692
159.91704347900478
131.99856521800533
123.2880000005735
117.70430434837363
125.52147826145347
106.53691304397384
128.2016521745094
94.92282608739808
130.43513043538937
83.30873913082232
109.4404347831178
74.82152173947848
117.92765217446161
73.03473913077453
125.96817391362946
70.80126086989456
132.66860869626933
73.48143478295052
137.58226087020523
77.05500000035845
75.93826086991847
116.81091304402163
83.5320869569103
121.27786956578154
92.01930434825414
121.27786956578154
99.61313043524599
115.47082608749366
91.57260869607815
114.1307391309657
83.5320869569103
114.57743478314168
131.77521739191732
116.36421739184564
138.4756521745572
123.06465217448552
146.06947826154905
123.5113478266615
151.87652173983693
119.93778260925357
146.51617391372503
117.25760869619764
139.3690434789092
116.36421739184564
81.74530434820635
58.74047826114281
99.16643478307
61.86734782637475
115.69417391358166
63.20743478290272
124.62808695710149
62.314043478550744
131.32852173974135
64.99421739160668
138.9223478267332
65.44091304378267
143.8360000006691
64.54752173943069
139.3690434789092
47.12639130456705
132.66860869626933
38.19247826104723
124.62808695710149
35.95900000016727
114.80078260922969
35.95900000016727
98.27304347871801
42.21273913063115
85.31886956561428
57.84708695679083
115.69417391358166
56.953695652438846
124.62808695710149
56.507000000262856
131.77521739191732
58.74047826114281
139.3690434789092
61.42065217419876
131.77521739191732
48.46647826109502
124.18139130492548
45.339608695863085
115.24747826140567
45.339608695863085
