56.651092071127366
133.60633661022516
57.15242916910194
113.55285269124202
59.659114658974836
93.49936877225889
62.66713724682231
73.94722195125033
69.6858566184664
55.899086424165496
81.71794696985629
39.85629928897899
96.25672281111906
26.32019764366537
112.80084704428016
16.2934556841738
129.84630837541582
14.789444390250065
147.39310680452607
17.296129880122958
162.93455684173802
28.325546035563683
177.47333268300076
42.36298477885188
188.5027488384415
58.90710901201297
194.01745691616188
77.95791873504695
196.02280530806019
97.51006555605551
197.5268166019839
117.06221237706407
198.0281536999585
136.11302210009805
71.18986791239014
138.11837049199636
81.21660987188172
145.13708986364045
94.25137441922075
146.6411011575642
107.28613896655979
144.13441566769131
119.81956641592426
140.62505598186925
136.8650277470599
140.12371888389467
149.39845519642438
144.6357527656659
161.93188264578885
147.1424382555388
174.9666471931279
146.6411011575642
184.99338915261944
140.12371888389467
128.3422970814921
132.10232531630143
128.3422970814921
118.56622367098781
128.84363417946668
105.03012202567419
129.34497127744123
91.49402038036057
115.80886963212762
85.47797520466563
122.32625190579715
83.47262681276732
129.34497127744123
81.46727842086901
136.36369064908536
83.47262681276732
142.88107292275487
85.97931230264021
86.2299808516275
132.10232531630143
94.25137441922075
135.61168500212347
102.77410508478859
135.61168500212347
109.2914873584581
130.59831402237768
101.77143088883943
130.09697692440312
93.75003732124617
130.09697692440312
147.89444390250065
131.60098821832685
154.91316327414475
137.11569629604722
162.93455684173802
137.11569629604722
170.45461331135667
133.60633661022516
163.43589393971257
131.60098821832685
155.9158374700939
131.60098821832685
101.27009379086485
63.419142893784176
112.29950994630558
64.42181708973334
122.32625190579715
65.92582838365706
129.84630837541582
63.920479991758754
137.3663648450345
66.42716548163165
146.3904326085769
65.42449128568249
155.9158374700939
64.92315418770791
146.3904326085769
57.403097718089235
137.86770194300908
52.891063836318025
129.84630837541582
51.88838964036887
122.32625190579715
52.38972673834345
112.29950994630558
55.899086424165496
105.78212767263605
61.91513159986044
122.32625190579715
60.91245740391128
129.84630837541582
59.90978320796213
137.86770194300908
61.41379450188586
151.90514068629727
63.419142893784176
137.3663648450345
61.41379450188586
129.84630837541582
59.90978320796213
122.32625190579715
60.91245740391128
