63.59632214978628
147.4278377108682
66.22426934605845
127.98102845845422
69.37780598158504
109.5853980845491
73.05693205636607
90.66417827138955
81.46636308443698
73.8453162152477
94.60609906579778
60.179990794632474
106.69465616864971
47.04025481327167
119.83439215001052
33.37492939265644
136.65325420615235
29.695803317875413
153.47211626229418
33.37492939265644
167.66303112216383
47.04025481327167
180.27717766427023
61.23116967314134
193.416913645631
75.422084533011
201.3007552344475
92.24094658915284
203.40311299146524
111.1621664023124
205.50547074848296
130.08338621547196
207.6078285055007
150.05578490714038
70.95457429934834
149.53019546788593
80.94077364518255
156.88844761744798
94.60609906579778
157.41403705670243
108.27142448641301
154.78608986043025
121.41116046777381
149.53019546788593
148.21622186974986
149.53019546788593
161.8815472903651
154.78608986043025
175.0212832717259
157.93962649595684
188.68660869234114
157.93962649595684
197.62162915966647
150.05578490714038
135.07648588838904
137.96722780428843
135.07648588838904
123.25072350516433
135.07648588838904
109.05980864529467
135.6020753276435
94.868893785425
118.25762383224722
93.2921254676617
126.1414654210637
89.61299939288068
135.07648588838904
85.40828387884521
144.53709579496882
89.61299939288068
151.89534794453087
92.76653602840727
86.7222574769813
139.0184066827973
95.65727794430664
143.22312219683275
106.69465616864971
142.69753275757833
116.15526607522949
135.33928060801628
106.16906672939528
133.76251229025297
95.13168850505221
134.28810172950742
153.9977057015486
135.8648700472707
162.4071367296195
143.22312219683275
173.4445149539626
143.7487116360872
182.37953542128795
139.54399612205174
174.49569383247146
134.81369116876184
163.98390504738282
134.28810172950742
100.91317233685096
82.25474724331862
114.05290831821176
81.20356836480975
126.66705486031813
79.62680004704646
135.07648588838904
77.52444229002873
144.53709579496882
79.10121060779203
156.62565289782077
80.15238948630089
169.76538887918156
82.25474724331862
157.67683177632964
64.38470630866793
145.06268523422327
56.50086471985145
135.07648588838904
55.449685841342585
126.1414654210637
56.50086471985145
113.52731887895733
64.91029574792236
106.16906672939528
80.15238948630089
126.66705486031813
75.94767397226543
135.07648588838904
73.8453162152477
144.53709579496882
75.422084533011
165.03508392589168
80.15238948630089
145.06268523422327
65.4358851871768
135.07648588838904
63.8591168694135
126.1414654210637
65.4358851871768
