80.59792695533714
133.5695204574298
81.1048321563141
117.85545922714394
83.63935816119893
100.62068239392718
86.17388416608374
83.8928107616874
88.70841017096855
67.16493912944762
95.29817778366908
50.437067497207835
103.91556620027745
36.24372186985287
115.5743858227476
24.584902247382715
131.28844705303345
21.03656584054397
150.0439394891811
22.050376242497897
170.3201475282596
29.147049056175383
188.06182956245334
39.285153075714646
202.76208039078526
52.464688301115686
211.8863740083706
69.69946513433244
216.44852081716328
88.96186277145704
215.9416156161863
109.74497601151252
216.44852081716328
129.5142788496141
80.59792695533714
141.6800036730612
85.66697896510678
150.2973920896696
95.80508298464603
152.32501289357742
106.95699740613922
150.2973920896696
117.60200662665545
145.7352452808769
135.34368866084915
144.21452967794602
148.01631868527323
149.28358168771564
162.71656951360518
149.28358168771564
176.40300993998318
146.24215048185388
188.56873476343029
139.1454776681764
126.21939504326383
133.06261525645283
125.2055846413099
120.38998523202875
123.68486903837902
108.22426040858164
121.65724823447115
95.55163038415756
114.05367021981671
87.94805236950312
118.61581702860938
84.90662116364133
125.2055846413099
82.37209515875651
132.3022574549874
84.90662116364133
139.39893026866488
86.42733676657222
91.74984137683033
135.59714126133764
97.83270378855389
140.15928807013032
106.45009220516226
138.63857246719942
115.06748062177064
132.0488048544989
105.43628180320835
131.034994452545
96.31198818562301
131.54189965352194
147.5094134842963
130.02118405059105
154.60608629797377
136.6109516632916
164.74419031751302
136.1040464623146
173.86848393509837
132.0488048544989
165.75800071946696
128.50046844766015
155.6198966999277
127.9935632466832
105.43628180320835
65.64422352651673
113.03985981786279
68.68565473237851
120.13653263154028
70.71327553628636
125.71248984228687
68.68565473237851
132.3022574549874
70.2063703353094
142.44036147452664
67.16493912944762
155.6198966999277
63.109697521631915
142.9472666755036
59.054455913816206
132.80916265596434
57.026835109908355
126.21939504326383
56.519929908931395
119.6296274305633
57.53374031088532
113.54676501883975
59.56136111479317
108.47771300907011
65.64422352651673
120.13653263154028
66.1511287274937
126.21939504326383
65.13731832553977
132.80916265596434
65.64422352651673
151.564655092112
63.616602722608874
132.3022574549874
65.13731832553977
125.71248984228687
64.6304131245628
119.6296274305633
65.64422352651673
